socialspy: false
lastAccountName: tipOKpro578
timestamps:
  login: 1591109118329
  logout: 1591109168545
ipAddress: 45.158.246.131
lastlocation:
  world: world
  x: -413.5
  y: 254.0
  z: -509.5
  yaw: 0.0
  pitch: 0.0
logoutlocation:
  world: world
  x: -408.5428836887794
  y: 68.5
  z: -568.4235808327669
  yaw: -2.5840144
  pitch: 7.0127525
