socialspy: false
lastAccountName: 71k5daW81raiStO4
timestamps:
  login: 1591909631545
  logout: 1591909636055
ipAddress: 181.211.162.86
lastlocation:
  world: world
  x: -398.5
  y: 254.0
  z: -502.5
  yaw: 0.0
  pitch: 0.0
logoutlocation:
  world: world
  x: -408.5
  y: 58.0
  z: -499.5
  yaw: -205.67471
  pitch: 3.6387963
