socialspy: false
lastAccountName: Igor_Cooll
timestamps:
  login: 1590919571584
  logout: 1590919601587
ipAddress: 195.34.207.149
lastlocation:
  world: world
  x: -413.5
  y: 114.0
  z: -507.5
  yaw: 0.0
  pitch: 0.0
logoutlocation:
  world: world
  x: -408.7016442983763
  y: 58.0
  z: -499.9207315769789
  yaw: -206.57469
  pitch: 14.138795
