socialspy: false
lastAccountName: betmaster
timestamps:
  login: 1590332076668
  logout: 1590332177016
ipAddress: 94.240.176.237
lastlocation:
  world: world
  x: -411.5
  y: 254.0
  z: -506.5
  yaw: 0.0
  pitch: 0.0
logoutlocation:
  world: world
  x: 1599.6717837829704
  y: 77.0
  z: -1517.092264878665
  yaw: 4.6500382
  pitch: 13.050015
