socialspy: false
lastAccountName: sasha2
timestamps:
  login: 1590858181629
  logout: 1590858200454
ipAddress: 109.252.108.79
lastlocation:
  world: world
  x: -400.5
  y: 254.0
  z: -501.5
  yaw: 0.0
  pitch: 0.0
logoutlocation:
  world: world
  x: -408.5518615933934
  y: 58.0
  z: -499.6130575584546
  yaw: -205.03339
  pitch: 4.208876
