socialspy: false
lastAccountName: dossso4ka
timestamps:
  login: 1592159258059
  logout: 1592160378447
ipAddress: 109.120.15.230
lastlocation:
  world: world
  x: -410.5
  y: 133.0
  z: -503.5
  yaw: 0.0
  pitch: 0.0
money: '79.0'
logoutlocation:
  world: world
  x: -359.6566266081689
  y: 78.0
  z: -126.11699842675586
  yaw: -16.657959
  pitch: 20.849962
