socialspy: false
lastAccountName: JennyHD
timestamps:
  login: 1590355629857
  logout: 1590355647510
ipAddress: 66.110.216.221
lastlocation:
  world: world
  x: -407.5
  y: 132.0
  z: -502.5
  yaw: 0.0
  pitch: 0.0
logoutlocation:
  world: world
  x: -408.5
  y: 58.0
  z: -499.5
  yaw: -205.67471
  pitch: 3.6387963
