socialspy: false
lastAccountName: _BunnyOP_
timestamps:
  login: 1590593190924
  logout: 1590593214890
ipAddress: 91.243.22.253
lastlocation:
  world: world
  x: -414.5
  y: 254.0
  z: -508.5
  yaw: 0.0
  pitch: 0.0
logoutlocation:
  world: world
  x: -407.2481986290013
  y: 63.0
  z: -556.8172239710483
  yaw: -191.12468
  pitch: 8.888797
