socialspy: false
lastAccountName: ScRIBL
timestamps:
  login: 1590355478923
  logout: 1590355481648
ipAddress: 174.70.241.14
lastlocation:
  world: world
  x: -406.5
  y: 254.0
  z: -491.5
  yaw: 0.0
  pitch: 0.0
logoutlocation:
  world: world
  x: -408.5
  y: 58.0
  z: -499.5
  yaw: -205.67471
  pitch: 3.6387963
