socialspy: false
lastAccountName: _FL1DEX_
timestamps:
  login: 1589974175784
  logout: 1589974219885
ipAddress: 37.212.120.95
lastlocation:
  world: world
  x: -418.5
  y: 254.0
  z: -502.5
  yaw: 0.0
  pitch: 0.0
logoutlocation:
  world: world
  x: -406.71849269644656
  y: 59.0
  z: -478.09489682078186
  yaw: 87.57538
  pitch: 19.838806
