socialspy: false
lastAccountName: Diskurim
timestamps:
  login: 1590355477216
  logout: 1590355484016
ipAddress: 195.62.70.254
lastlocation:
  world: world
  x: -401.5
  y: 69.0
  z: -489.5
  yaw: 0.0
  pitch: 0.0
logoutlocation:
  world: world
  x: -408.5
  y: 58.0
  z: -499.5
  yaw: -205.67471
  pitch: 3.6387963
