socialspy: false
lastAccountName: KillaBros
timestamps:
  login: 1590355663849
  logout: 1590355709954
ipAddress: 103.240.160.21
lastlocation:
  world: world
  x: -418.5
  y: 254.0
  z: -491.5
  yaw: 0.0
  pitch: 0.0
logoutlocation:
  world: world
  x: -408.5
  y: 58.0
  z: -499.5
  yaw: -205.67471
  pitch: 3.6387963
