socialspy: false
lastAccountName: 63SSHwgYhkbDEcU1
timestamps:
  login: 1591909623391
  logout: 1591909626419
ipAddress: 202.166.202.29
lastlocation:
  world: world
  x: -417.5
  y: 254.0
  z: -494.5
  yaw: 0.0
  pitch: 0.0
logoutlocation:
  world: world
  x: -408.5
  y: 58.0
  z: -499.5
  yaw: -205.67471
  pitch: 3.6387963
