socialspy: false
lastAccountName: VECxostwnshjE5oo
timestamps:
  login: 1591909653565
  logout: 1591909658867
ipAddress: 195.234.87.211
lastlocation:
  world: world
  x: -404.5
  y: 254.0
  z: -500.5
  yaw: 0.0
  pitch: 0.0
logoutlocation:
  world: world
  x: -408.5
  y: 58.0
  z: -499.5
  yaw: -205.67471
  pitch: 3.6387963
