socialspy: false
lastAccountName: fdfdffd
timestamps:
  login: 1590599697121
  logout: 1590599720131
ipAddress: 176.210.229.97
lastlocation:
  world: world
  x: -415.5
  y: 126.0
  z: -500.5
  yaw: 0.0
  pitch: 0.0
logoutlocation:
  world: world
  x: -411.6106075136788
  y: 59.0
  z: -483.56249088299546
  yaw: -185.27484
  pitch: 8.738793
