socialspy: false
lastAccountName: sxrtrtzsx
timestamps:
  login: 1590929456641
  logout: 1590929470587
ipAddress: 176.59.45.140
lastlocation:
  world: world
  x: -412.5
  y: 254.0
  z: -502.5
  yaw: 0.0
  pitch: 0.0
logoutlocation:
  world: world
  x: -408.5233308081515
  y: 58.0
  z: -499.69733478393334
  yaw: -3.098563
  pitch: 90.0
