socialspy: false
lastAccountName: Debnus
timestamps:
  login: 1591910274211
  logout: 1591910275992
ipAddress: 212.22.95.35
lastlocation:
  world: world
  x: -401.5
  y: 113.0
  z: -508.5
  yaw: 0.0
  pitch: 0.0
logoutlocation:
  world: world
  x: -408.5
  y: 58.0
  z: -499.5
  yaw: -205.67471
  pitch: 3.6387963
