socialspy: false
lastAccountName: MEGAmolot
timestamps:
  login: 1592578865405
  logout: 1592578871682
ipAddress: 92.52.147.50
lastlocation:
  world: world
  x: -409.5
  y: 254.0
  z: -490.5
  yaw: 0.0
  pitch: 0.0
logoutlocation:
  world: world
  x: -462.6391295097762
  y: 69.0
  z: -532.5233050641817
  yaw: 191.37532
  pitch: 30.038795
