socialspy: false
lastAccountName: Paudy
timestamps:
  login: 1590355788443
  logout: 1590355793152
ipAddress: 174.76.35.29
lastlocation:
  world: world
  x: -407.5
  y: 129.0
  z: -491.5
  yaw: 0.0
  pitch: 0.0
logoutlocation:
  world: world
  x: -408.5
  y: 58.0
  z: -499.5
  yaw: -205.67471
  pitch: 3.6387963
