socialspy: false
lastAccountName: AloMeR
timestamps:
  login: 1590355763497
  logout: 1590355792957
ipAddress: 103.216.82.206
lastlocation:
  world: world
  x: -401.5
  y: 111.0
  z: -497.5
  yaw: 0.0
  pitch: 0.0
logoutlocation:
  world: world
  x: -408.5
  y: 58.0
  z: -499.5
  yaw: -205.67471
  pitch: 3.6387963
