socialspy: false
lastAccountName: PRIVETMEDVED1234
timestamps:
  login: 1592399356111
  logout: 1592399424837
ipAddress: 188.163.76.88
lastlocation:
  world: world
  x: -401.5
  y: 254.0
  z: -502.5
  yaw: 0.0
  pitch: 0.0
logoutlocation:
  world: world
  x: -377.9846277401153
  y: 62.0
  z: -506.8853608574574
  yaw: 81.57516
  pitch: 86.69999
