socialspy: false
lastAccountName: Saper
timestamps:
  login: 1590355747477
  logout: 1590355792952
ipAddress: 98.143.145.29
lastlocation:
  world: world
  x: -408.5
  y: 254.0
  z: -507.5
  yaw: 0.0
  pitch: 0.0
logoutlocation:
  world: world
  x: -408.5
  y: 58.0
  z: -499.5
  yaw: -205.67471
  pitch: 3.6387963
