socialspy: false
lastAccountName: mrgodk
timestamps:
  login: 1590778362377
  logout: 1590778406402
ipAddress: 87.252.225.107
lastlocation:
  world: world
  x: -403.5
  y: 254.0
  z: -499.5
  yaw: 0.0
  pitch: 0.0
logoutlocation:
  world: world
  x: -398.89329018230075
  y: 61.0
  z: -545.0333014465436
  yaw: 99.94456
  pitch: 44.961407
