socialspy: false
lastAccountName: Fresh
timestamps:
  login: 1589379762914
  logout: 1589379766811
ipAddress: 123.139.56.171
lastlocation:
  world: world
  x: -399.5
  y: 254.0
  z: -502.5
  yaw: 0.0
  pitch: 0.0
logoutlocation:
  world: world
  x: -408.5
  y: 58.0
  z: -499.5
  yaw: -205.67471
  pitch: 3.6387963
