socialspy: false
lastAccountName: ioio33
timestamps:
  login: 1590355679850
  logout: 1590355709855
ipAddress: 184.178.172.28
lastlocation:
  world: world
  x: -404.5
  y: 254.0
  z: -491.5
  yaw: 0.0
  pitch: 0.0
logoutlocation:
  world: world
  x: -408.5
  y: 58.0
  z: -499.5
  yaw: -205.67471
  pitch: 3.6387963
