socialspy: false
lastAccountName: MRLauncher_29547
timestamps:
  login: 1592040327924
  logout: 1592040421026
ipAddress: 85.173.133.247
lastlocation:
  world: world
  x: -418.5
  y: 254.0
  z: -491.5
  yaw: 0.0
  pitch: 0.0
logoutlocation:
  world: world
  x: -410.0443487702079
  y: 58.0
  z: -501.0902159846847
  yaw: -247.22476
  pitch: -6.449994
