lastAccountName: TheDevilHead
timestamps:
  login: 1590355902584
  logout: 1590355904264
ipAddress: 61.41.9.213
socialspy: false
lastlocation:
  world: world
  x: -418.5
  y: 254.0
  z: -506.5
  yaw: 0.0
  pitch: 0.0
logoutlocation:
  world: world
  x: -408.5
  y: 58.0
  z: -499.5
  yaw: -205.67471
  pitch: 3.6387963
