socialspy: false
lastAccountName: a11a
timestamps:
  login: 1590355851218
  logout: 1590355876273
ipAddress: 184.176.166.8
lastlocation:
  world: world
  x: -405.5
  y: 254.0
  z: -509.5
  yaw: 0.0
  pitch: 0.0
logoutlocation:
  world: world
  x: -408.5
  y: 58.0
  z: -499.5
  yaw: -205.67471
  pitch: 3.6387963
