socialspy: false
lastAccountName: kirillkjll
timestamps:
  login: 1589376518028
  logout: 1589376538493
ipAddress: 176.104.52.46
lastlocation:
  world: world
  x: -405.5
  y: 254.0
  z: -508.5
  yaw: 0.0
  pitch: 0.0
logoutlocation:
  world: world
  x: -408.5
  y: 58.0
  z: -499.5
  yaw: -205.67471
  pitch: 3.6387963
