socialspy: false
lastAccountName: ZhyroFyroMyr
timestamps:
  login: 1590355631543
  logout: 1590355646808
ipAddress: 5.196.255.171
lastlocation:
  world: world
  x: -403.5
  y: 254.0
  z: -497.5
  yaw: 0.0
  pitch: 0.0
logoutlocation:
  world: world
  x: -408.5
  y: 58.0
  z: -499.5
  yaw: -205.67471
  pitch: 3.6387963
