socialspy: false
lastAccountName: seebo26
timestamps:
  login: 1590355790950
  logout: 1590355792964
ipAddress: 103.216.82.200
lastlocation:
  world: world
  x: -402.5
  y: 254.0
  z: -505.5
  yaw: 0.0
  pitch: 0.0
logoutlocation:
  world: world
  x: -408.5
  y: 58.0
  z: -499.5
  yaw: -205.67471
  pitch: 3.6387963
