socialspy: false
lastAccountName: Maksim22890_
timestamps:
  login: 1589457268258
  lastteleport: 1589457427586
  logout: 1589457591242
ipAddress: 46.229.60.45
lastlocation:
  world: world
  x: -404.64114581726875
  y: 65.0
  z: -635.2870527265418
  yaw: -26.725883
  pitch: 31.394253
logoutlocation:
  world: world
  x: -408.1209298917473
  y: 69.0
  z: -433.49819199894654
  yaw: -94.55557
  pitch: 43.0259
