socialspy: false
lastAccountName: CraftBuild88
timestamps:
  login: 1591909889154
  logout: 1591909889737
ipAddress: 118.97.164.19
lastlocation:
  world: world
  x: -406.5
  y: 131.0
  z: -496.5
  yaw: 0.0
  pitch: 0.0
logoutlocation:
  world: world
  x: -408.5
  y: 58.0
  z: -499.5
  yaw: -205.67471
  pitch: 3.6387963
