socialspy: false
lastAccountName: F7Wlb8PnJBWRmXkg
timestamps:
  login: 1591909621786
  logout: 1591909625323
ipAddress: 187.60.160.37
lastlocation:
  world: world
  x: -403.5
  y: 254.0
  z: -494.5
  yaw: 0.0
  pitch: 0.0
logoutlocation:
  world: world
  x: -408.5
  y: 58.0
  z: -499.5
  yaw: -205.67471
  pitch: 3.6387963
