socialspy: false
lastAccountName: Egorkatopchik771
timestamps:
  login: 1590763686809
  logout: 1590763745730
ipAddress: 178.155.68.10
lastlocation:
  world: world
  x: -399.5
  y: 113.0
  z: -498.5
  yaw: 0.0
  pitch: 0.0
logoutlocation:
  world: world
  x: -383.0350813287499
  y: 63.0
  z: 962.4538548633045
  yaw: -299.6996
  pitch: 2.1000435
