socialspy: false
lastAccountName: jayleen
timestamps:
  login: 1591381447628
  logout: 1591381460834
ipAddress: 92.112.154.218
lastlocation:
  world: world
  x: -415.5
  y: 254.0
  z: -505.5
  yaw: 0.0
  pitch: 0.0
logoutlocation:
  world: world
  x: -408.5
  y: 58.0
  z: -499.5
  yaw: -207.77467
  pitch: 9.638798
