socialspy: false
lastAccountName: Dxrling
timestamps:
  login: 1590701154344
  logout: 1590701341472
ipAddress: 85.172.30.244
lastlocation:
  world: world
  x: -408.5
  y: 254.0
  z: -493.5
  yaw: 0.0
  pitch: 0.0
logoutlocation:
  world: world
  x: -406.9388879693743
  y: 62.0
  z: -543.2352565734531
  yaw: 26.974937
  pitch: 20.888824
