socialspy: false
lastAccountName: Lapimit
timestamps:
  login: 1590854029280
  logout: 1590854039106
ipAddress: 176.62.102.8
lastlocation:
  world: world
  x: -411.5
  y: 254.0
  z: -496.5
  yaw: 0.0
  pitch: 0.0
logoutlocation:
  world: world
  x: -408.5
  y: 58.0
  z: -499.5
  yaw: -164.57477
  pitch: 36.188812
