socialspy: false
lastAccountName: DIMA3333335
timestamps:
  login: 1589451549349
  logout: 1589451567747
ipAddress: 37.73.134.142
lastlocation:
  world: world
  x: -417.5
  y: 254.0
  z: -507.5
  yaw: 0.0
  pitch: 0.0
logoutlocation:
  world: world
  x: -408.549213975532
  y: 59.5
  z: -516.8064129711305
  yaw: -182.27472
  pitch: 11.738796
