socialspy: false
lastAccountName: oVujcMfqf4hSXDNR
timestamps:
  login: 1591909617872
  logout: 1591909649701
ipAddress: 180.250.8.138
lastlocation:
  world: world
  x: -409.5
  y: 254.0
  z: -500.5
  yaw: 0.0
  pitch: 0.0
logoutlocation:
  world: world
  x: -408.5
  y: 58.0
  z: -499.5
  yaw: -205.67471
  pitch: 3.6387963
