socialspy: false
lastAccountName: MrYura344
timestamps:
  login: 1592060716983
  logout: 1592061122288
ipAddress: 188.170.72.214
lastlocation:
  world: world
  x: -405.5
  y: 254.0
  z: -503.5
  yaw: 0.0
  pitch: 0.0
logoutlocation:
  world: world
  x: 1044.2820078716782
  y: 72.0
  z: -568.3924809065002
  yaw: -23.718811
  pitch: 29.570229
