socialspy: false
lastAccountName: OREG0N
timestamps:
  login: 1589700832646
  logout: 1589700862595
ipAddress: 173.249.30.10
lastlocation:
  world: world
  x: -418.5
  y: 254.0
  z: -506.5
  yaw: 0.0
  pitch: 0.0
logoutlocation:
  world: world
  x: -408.5
  y: 58.0
  z: -499.5
  yaw: -205.67471
  pitch: 3.6387963
