socialspy: false
lastAccountName: elnar123
timestamps:
  login: 1591516221615
  logout: 1591516375037
ipAddress: 62.133.162.206
lastlocation:
  world: world
  x: -400.5
  y: 254.0
  z: -499.5
  yaw: 0.0
  pitch: 0.0
logoutlocation:
  world: world
  x: -408.38576581094156
  y: 58.5
  z: -486.48194224361924
  yaw: -1.0691223
  pitch: 9.770161
