socialspy: false
lastAccountName: _TheLirim_
timestamps:
  login: 1589463101337
  logout: 1589463267348
ipAddress: 77.235.105.86
lastlocation:
  world: world
  x: -402.38954428854123
  y: 64.0
  z: -648.9571022286751
  yaw: -159.39236
  pitch: 54.853207
logoutlocation:
  world: world
  x: -388.66735147315
  y: 62.0
  z: -515.8176697258784
  yaw: -33.540756
  pitch: 6.865809
