socialspy: false
lastAccountName: ProkJI9IToEDiT9I
timestamps:
  login: 1590860947879
  logout: 1590860964926
ipAddress: 176.112.173.28
lastlocation:
  world: world
  x: -408.5
  y: 115.0
  z: -505.5
  yaw: 0.0
  pitch: 0.0
logoutlocation:
  world: world
  x: -408.668251871851
  y: 58.0
  z: -504.03780330920466
  yaw: -174.32465
  pitch: 8.588797
