socialspy: false
lastAccountName: mark543
timestamps:
  login: 1590854566953
  logout: 1590854573867
ipAddress: 185.16.28.38
lastlocation:
  world: world
  x: -403.5
  y: 254.0
  z: -507.5
  yaw: 0.0
  pitch: 0.0
logoutlocation:
  world: world
  x: -486.7786774385267
  y: 69.0
  z: -625.2658365565378
  yaw: -269.6927
  pitch: 3.0562797
