socialspy: false
lastAccountName: Caveminer98
timestamps:
  login: 1592381309129
  logout: 1592381330346
ipAddress: 92.38.76.155
lastlocation:
  world: world
  x: -405.5
  y: 128.0
  z: -492.5
  yaw: 0.0
  pitch: 0.0
logoutlocation:
  world: world
  x: -408.633870268094
  y: 58.0
  z: -512.9627888983939
  yaw: 123.27533
  pitch: -6.1111803
