socialspy: false
lastAccountName: dushana
timestamps:
  login: 1592400792704
  logout: 1592401770047
ipAddress: 37.112.64.67
lastlocation:
  world: world
  x: -411.5
  y: 254.0
  z: -493.5
  yaw: 0.0
  pitch: 0.0
logoutlocation:
  world: world
  x: -465.14644661331323
  y: 69.0
  z: -533.9974396891976
  yaw: -33.169327
  pitch: 33.320137
