socialspy: false
lastAccountName: MaZaTraxR
timestamps:
  login: 1590355861148
  logout: 1590355876109
ipAddress: 174.70.241.7
lastlocation:
  world: world
  x: -407.5
  y: 254.0
  z: -507.5
  yaw: 0.0
  pitch: 0.0
logoutlocation:
  world: world
  x: -408.5
  y: 58.0
  z: -499.5
  yaw: -205.67471
  pitch: 3.6387963
