socialspy: false
lastAccountName: StepoSbeb
timestamps:
  login: 1591531919470
  logout: 1591532026687
ipAddress: 37.78.177.144
lastlocation:
  world: world
  x: -415.5
  y: 254.0
  z: -504.5
  yaw: 0.0
  pitch: 0.0
logoutlocation:
  world: world
  x: -371.0962470002882
  y: 63.17675927506424
  z: -517.5010159041573
  yaw: -110.574615
  pitch: 19.688782
