socialspy: false
lastAccountName: blxkbear
timestamps:
  login: 1591394078659
  logout: 1591394134357
ipAddress: 94.233.196.32
lastlocation:
  world: world
  x: -408.5
  y: 254.0
  z: -493.5
  yaw: 0.0
  pitch: 0.0
logoutlocation:
  world: world
  x: -408.5
  y: 58.0
  z: -499.5
  yaw: -182.80798
  pitch: 6.1562366
