socialspy: false
lastAccountName: Merlok001
timestamps:
  login: 1589723441891
  logout: 1589723489558
ipAddress: 46.149.50.50
lastlocation:
  world: world
  x: -415.5
  y: 254.0
  z: -498.5
  yaw: 0.0
  pitch: 0.0
logoutlocation:
  world: world
  x: -405.5282546188534
  y: 62.0
  z: -506.9908628752885
  yaw: -227.15125
  pitch: 22.470411
