socialspy: false
lastAccountName: GingerCaT
timestamps:
  login: 1590355696667
  logout: 1590355710353
ipAddress: 72.210.252.143
lastlocation:
  world: world
  x: -408.5
  y: 132.0
  z: -499.5
  yaw: 0.0
  pitch: 0.0
logoutlocation:
  world: world
  x: -408.5
  y: 58.0
  z: -499.5
  yaw: -205.67471
  pitch: 3.6387963
