socialspy: false
lastAccountName: lDWORuQ8SVI2i7fy
timestamps:
  login: 1591909640069
  logout: 1591909647027
ipAddress: 188.136.143.208
lastlocation:
  world: world
  x: -400.5
  y: 254.0
  z: -506.5
  yaw: 0.0
  pitch: 0.0
logoutlocation:
  world: world
  x: -408.5
  y: 58.0
  z: -499.5
  yaw: -205.67471
  pitch: 3.6387963
