socialspy: false
lastAccountName: Bluegamer8
timestamps:
  login: 1589462096665
  logout: 1589462216864
ipAddress: 91.143.171.168
lastlocation:
  world: world
  x: -415.5
  y: 138.0
  z: -490.5
  yaw: 0.0
  pitch: 0.0
logoutlocation:
  world: world
  x: -404.30000001192093
  y: 59.0
  z: -489.36418040452577
  yaw: 203.37592
  pitch: 14.250048
