socialspy: false
lastAccountName: Nekrylov
timestamps:
  login: 1590355634803
  logout: 1590355647205
ipAddress: 174.70.241.8
lastlocation:
  world: world
  x: -415.5
  y: 254.0
  z: -493.5
  yaw: 0.0
  pitch: 0.0
logoutlocation:
  world: world
  x: -408.5
  y: 58.0
  z: -499.5
  yaw: -205.67471
  pitch: 3.6387963
