socialspy: false
lastAccountName: Marydhka
timestamps:
  login: 1592563426871
  logout: 1592563441311
ipAddress: 46.133.253.243
lastlocation:
  world: world
  x: -398.5
  y: 128.0
  z: -491.5
  yaw: 0.0
  pitch: 0.0
logoutlocation:
  world: world
  x: -408.5
  y: 58.0
  z: -499.5
  yaw: -204.47473
  pitch: 3.3387961
