socialspy: false
lastAccountName: DoctorVatafaksen
timestamps:
  login: 1589565064860
  logout: 1589565074876
ipAddress: 77.49.132.71
lastlocation:
  world: world
  x: -406.5
  y: 254.0
  z: -499.5
  yaw: 0.0
  pitch: 0.0
logoutlocation:
  world: world
  x: -404.0073028178129
  y: 60.0
  z: -479.6159678642901
  yaw: -100.04356
  pitch: 12.998162
