socialspy: false
lastAccountName: kokol103
timestamps:
  login: 1592063025404
  logout: 1592063432772
ipAddress: 95.174.126.225
lastlocation:
  world: world
  x: -404.5
  y: 254.0
  z: -498.5
  yaw: 0.0
  pitch: 0.0
logoutlocation:
  world: world
  x: -953.9220848445716
  y: 64.0
  z: 583.9311513434836
  yaw: 254.99966
  pitch: 30.149982
