socialspy: false
lastAccountName: '3333333'
timestamps:
  login: 1590355483595
  logout: 1590355484782
ipAddress: 103.106.148.200
lastlocation:
  world: world
  x: -404.5
  y: 254.0
  z: -498.5
  yaw: 0.0
  pitch: 0.0
logoutlocation:
  world: world
  x: -408.5
  y: 58.0
  z: -499.5
  yaw: -205.67471
  pitch: 3.6387963
