socialspy: false
lastAccountName: MAXBUR
timestamps:
  login: 1590681741404
  logout: 1590681751845
ipAddress: 178.176.184.218
lastlocation:
  world: world
  x: -412.5
  y: 254.0
  z: -491.5
  yaw: 0.0
  pitch: 0.0
logoutlocation:
  world: world
  x: -408.5
  y: 58.0
  z: -499.5
  yaw: -205.67471
  pitch: 3.6387963
