socialspy: false
lastAccountName: Xasya
timestamps:
  login: 1589451314709
  logout: 1589451466779
ipAddress: 91.236.184.125
lastlocation:
  world: world
  x: -420.98367395681186
  y: 62.0
  z: -398.88805082258904
  yaw: 275.0281
  pitch: 31.460064
logoutlocation:
  world: world
  x: -420.98367395681186
  y: 62.0
  z: -398.88805082258904
  yaw: 275.0281
  pitch: 31.460064
