socialspy: false
lastAccountName: OblivionOG
timestamps:
  login: 1589703522467
  logout: 1589703563434
ipAddress: 95.68.145.193
lastlocation:
  world: world
  x: -417.5
  y: 254.0
  z: -490.5
  yaw: 0.0
  pitch: 0.0
logoutlocation:
  world: world
  x: -410.4698824717362
  y: 62.0
  z: -541.3367527817777
  yaw: 167.07538
  pitch: 15.188797
