socialspy: false
lastAccountName: ln9cDCrJY_ZDa5fB
timestamps:
  login: 1591909638208
  logout: 1591909642980
ipAddress: 103.216.82.153
lastlocation:
  world: world
  x: -416.5
  y: 254.0
  z: -500.5
  yaw: 0.0
  pitch: 0.0
logoutlocation:
  world: world
  x: -408.5
  y: 58.0
  z: -499.5
  yaw: -205.67471
  pitch: 3.6387963
