socialspy: false
lastAccountName: anime_top
timestamps:
  login: 1591381328061
  logout: 1591381343117
ipAddress: 92.112.154.218
lastlocation:
  world: world
  x: -412.5
  y: 129.0
  z: -501.5
  yaw: 0.0
  pitch: 0.0
logoutlocation:
  world: world
  x: -408.5
  y: 58.0
  z: -499.5
  yaw: -82.97474
  pitch: 12.638799
