socialspy: false
lastAccountName: iJvQ_buJkjR5v1aE
timestamps:
  login: 1591909620035
  logout: 1591909651635
ipAddress: 200.54.247.98
lastlocation:
  world: world
  x: -398.5
  y: 254.0
  z: -498.5
  yaw: 0.0
  pitch: 0.0
logoutlocation:
  world: world
  x: -408.5
  y: 58.0
  z: -499.5
  yaw: -205.67471
  pitch: 3.6387963
