socialspy: false
lastAccountName: 9eYIfYXAduy7s4L3
timestamps:
  login: 1591909625043
  logout: 1591909627756
ipAddress: 175.176.167.109
lastlocation:
  world: world
  x: -415.5
  y: 126.0
  z: -500.5
  yaw: 0.0
  pitch: 0.0
logoutlocation:
  world: world
  x: -408.5
  y: 58.0
  z: -499.5
  yaw: -205.67471
  pitch: 3.6387963
