socialspy: false
lastAccountName: Beka
timestamps:
  login: 1592258457141
  logout: 1592258590017
ipAddress: 149.27.226.183
lastlocation:
  world: world
  x: -398.5
  y: 254.0
  z: -499.5
  yaw: 0.0
  pitch: 0.0
logoutlocation:
  world: world
  x: -387.471783974412
  y: 63.0
  z: -508.75952219796005
  yaw: 30.125229
  pitch: 57.338806
