socialspy: false
lastAccountName: xinfernosx
timestamps:
  login: 1592090002247
  logout: 1592090032164
ipAddress: 173.249.30.10
lastlocation:
  world: world
  x: -400.5
  y: 254.0
  z: -508.5
  yaw: 0.0
  pitch: 0.0
logoutlocation:
  world: world
  x: -408.5
  y: 58.0
  z: -499.5
  yaw: -205.67471
  pitch: 3.6387963
