socialspy: false
lastAccountName: DanyaKot
timestamps:
  login: 1590084724802
  logout: 1590085002552
ipAddress: 91.227.191.244
lastlocation:
  world: world
  x: -404.5
  y: 114.0
  z: -495.5
  yaw: 0.0
  pitch: 0.0
logoutlocation:
  world: world
  x: -1422.6512726397873
  y: 71.0
  z: 1710.4213225699964
  yaw: 211.20007
  pitch: 19.499825
