socialspy: false
lastAccountName: king0608
timestamps:
  login: 1589459794017
  logout: 1589459812014
ipAddress: 193.201.98.78
lastlocation:
  world: world
  x: -407.5
  y: 130.0
  z: -495.5
  yaw: 0.0
  pitch: 0.0
logoutlocation:
  world: world
  x: -408.4027001993443
  y: 60.0
  z: -528.7132741698179
  yaw: -139.82384
  pitch: 27.108324
