socialspy: false
lastAccountName: e4ery
timestamps:
  login: 1589376520688
  logout: 1589376538361
ipAddress: 185.108.141.49
lastlocation:
  world: world
  x: -405.5
  y: 254.0
  z: -499.5
  yaw: 0.0
  pitch: 0.0
logoutlocation:
  world: world
  x: -408.5
  y: 58.0
  z: -499.5
  yaw: -205.67471
  pitch: 3.6387963
