socialspy: false
lastAccountName: Rex11532
timestamps:
  login: 1590355476241
  logout: 1590355484232
ipAddress: 37.230.147.206
lastlocation:
  world: world
  x: -407.5
  y: 130.0
  z: -495.5
  yaw: 0.0
  pitch: 0.0
logoutlocation:
  world: world
  x: -408.5
  y: 58.0
  z: -499.5
  yaw: -205.67471
  pitch: 3.6387963
