socialspy: false
lastAccountName: kmi10
timestamps:
  login: 1590355706640
  logout: 1590355709965
ipAddress: 184.176.166.8
lastlocation:
  world: world
  x: -403.5
  y: 129.0
  z: -493.5
  yaw: 0.0
  pitch: 0.0
logoutlocation:
  world: world
  x: -408.5
  y: 58.0
  z: -499.5
  yaw: -205.67471
  pitch: 3.6387963
