socialspy: false
lastAccountName: A2BbVJ1hWA3FpoOx
timestamps:
  login: 1591909633621
  logout: 1591909637953
ipAddress: 118.174.232.60
lastlocation:
  world: world
  x: -412.5
  y: 254.0
  z: -497.5
  yaw: 0.0
  pitch: 0.0
logoutlocation:
  world: world
  x: -408.5
  y: 58.0
  z: -499.5
  yaw: -205.67471
  pitch: 3.6387963
