socialspy: false
lastAccountName: MrdimahaTop1gg
timestamps:
  login: 1590058852836
  logout: 1590058957908
ipAddress: 93.170.15.113
lastlocation:
  world: world
  x: -413.5
  y: 254.0
  z: -489.5
  yaw: 0.0
  pitch: 0.0
logoutlocation:
  world: world
  x: -397.04801451347726
  y: 62.0
  z: -545.9687628065539
  yaw: -256.2597
  pitch: 21.393078
