socialspy: false
lastAccountName: PenPineApple258
timestamps:
  login: 1591995510702
  logout: 1591995697760
ipAddress: 178.121.107.45
lastlocation:
  world: world
  x: -405.5
  y: 129.0
  z: -490.5
  yaw: 0.0
  pitch: 0.0
logoutlocation:
  world: world
  x: -1924.300000011921
  y: 70.0
  z: 1043.4530348414357
  yaw: 276.80838
  pitch: 12.827515
