lastAccountName: RomanBZK
timestamps:
  login: 1589451783026
  logout: 1589452152898
ipAddress: 37.73.134.142
socialspy: false
lastlocation:
  world: world
  x: -398.5
  y: 254.0
  z: -508.5
  yaw: 0.0
  pitch: 0.0
logoutlocation:
  world: world
  x: -388.0054239835008
  y: 63.0
  z: -522.2062042649102
  yaw: -75.47485
  pitch: 7.9887958
