socialspy: false
lastAccountName: Toscha
timestamps:
  login: 1590858047467
  logout: 1590858064073
ipAddress: 91.245.134.114
lastlocation:
  world: world
  x: -399.5
  y: 254.0
  z: -491.5
  yaw: 0.0
  pitch: 0.0
logoutlocation:
  world: world
  x: -408.7694901934793
  y: 58.0
  z: -499.3008569530532
  yaw: -170.72452
  pitch: 22.988817
