socialspy: false
lastAccountName: Brigadir000
timestamps:
  login: 1591997476296
  logout: 1591997604661
ipAddress: 95.179.127.126
lastlocation:
  world: world
  x: -405.5
  y: 113.0
  z: -504.5
  yaw: 0.0
  pitch: 0.0
logoutlocation:
  world: world
  x: -380.0043211301478
  y: 64.0
  z: -533.5408618004129
  yaw: 130.32536
  pitch: 13.349965
