socialspy: false
lastAccountName: Cube1212
timestamps:
  login: 1590355854198
  logout: 1590355876678
ipAddress: 69.61.200.104
lastlocation:
  world: world
  x: -398.5
  y: 254.0
  z: -500.5
  yaw: 0.0
  pitch: 0.0
logoutlocation:
  world: world
  x: -408.5
  y: 58.0
  z: -499.5
  yaw: -205.67471
  pitch: 3.6387963
