socialspy: false
lastAccountName: Lunk_Play
timestamps:
  login: 1590144606180
  logout: 1590144636130
ipAddress: 89.250.174.205
lastlocation:
  world: world
  x: -403.5
  y: 254.0
  z: -508.5
  yaw: 0.0
  pitch: 0.0
logoutlocation:
  world: world
  x: -409.01100743759645
  y: 60.0
  z: -527.7519219156426
  yaw: 303.85757
  pitch: 8.593087
