socialspy: false
lastAccountName: ExNaltiX
timestamps:
  login: 1589451875316
  logout: 1589451895747
ipAddress: 83.237.197.71
lastlocation:
  world: world
  x: -412.5
  y: 254.0
  z: -508.5
  yaw: 0.0
  pitch: 0.0
logoutlocation:
  world: world
  x: -407.0296279940043
  y: 59.17675927506424
  z: -494.30000001192093
  yaw: -351.3247
  pitch: 1.9887996
