socialspy: false
lastAccountName: leon2
timestamps:
  login: 1590355704998
  logout: 1590355709654
ipAddress: 103.216.82.203
lastlocation:
  world: world
  x: -405.5
  y: 118.0
  z: -496.5
  yaw: 0.0
  pitch: 0.0
logoutlocation:
  world: world
  x: -408.5
  y: 58.0
  z: -499.5
  yaw: -205.67471
  pitch: 3.6387963
