socialspy: false
lastAccountName: Dinar
timestamps:
  login: 1590267512600
  logout: 1590267989622
ipAddress: 176.100.107.143
lastlocation:
  world: world
  x: -414.5
  y: 254.0
  z: -500.5
  yaw: 0.0
  pitch: 0.0
logoutlocation:
  world: world
  x: -408.0126502438488
  y: 60.0
  z: -519.7173125198156
  yaw: 13.630836
  pitch: 10.670196
