socialspy: false
lastAccountName: MIRAJ
timestamps:
  login: 1591446498952
  logout: 1591446541269
ipAddress: 46.8.40.89
lastlocation:
  world: world
  x: -408.5
  y: 254.0
  z: -491.5
  yaw: 0.0
  pitch: 0.0
logoutlocation:
  world: world
  x: -424.01586636021915
  y: 59.0
  z: -470.1783716579828
  yaw: 1.3252659
  pitch: 6.638788
