socialspy: false
lastAccountName: wertasd12
timestamps:
  login: 1590355471653
  logout: 1590355484424
ipAddress: 92.51.95.194
lastlocation:
  world: world
  x: -412.5
  y: 254.0
  z: -492.5
  yaw: 0.0
  pitch: 0.0
logoutlocation:
  world: world
  x: -408.5
  y: 58.0
  z: -499.5
  yaw: -205.67471
  pitch: 3.6387963
