socialspy: false
lastAccountName: Dima
timestamps:
  login: 1590769885086
  logout: 1590769915033
ipAddress: 46.219.224.17
lastlocation:
  world: world
  x: -409.5
  y: 254.0
  z: -505.5
  yaw: 0.0
  pitch: 0.0
logoutlocation:
  world: world
  x: -408.17258109028126
  y: 58.0
  z: -499.99544083292545
  yaw: -347.12415
  pitch: 26.700014
