socialspy: false
lastAccountName: NOOB1an
timestamps:
  login: 1589457315789
  lastteleport: 1589457367033
  logout: 1589457373188
ipAddress: 90.151.88.72
lastlocation:
  world: world
  x: -399.6702969066568
  y: 62.24918707874468
  z: -542.441396611657
  yaw: 30.704136
  pitch: 28.310377
logoutlocation:
  world: world
  x: -409.8390616080945
  y: 59.0
  z: -515.3467658693964
  yaw: -3.8089983
  pitch: 16.662487
