socialspy: false
lastAccountName: Showen_alex
timestamps:
  login: 1592489694279
  logout: 1592489702683
ipAddress: 94.140.228.14
lastlocation:
  world: world
  x: -398.5
  y: 254.0
  z: -499.5
  yaw: 0.0
  pitch: 0.0
logoutlocation:
  world: world
  x: -388.69999998807907
  y: 62.0
  z: -507.3059097803341
  yaw: 62.975525
  pitch: 2.550064
