socialspy: false
lastAccountName: Terecon
timestamps:
  login: 1590355473450
  logout: 1590355484212
ipAddress: 178.143.191.155
lastlocation:
  world: world
  x: -414.5
  y: 254.0
  z: -496.5
  yaw: 0.0
  pitch: 0.0
logoutlocation:
  world: world
  x: -408.5
  y: 58.0
  z: -499.5
  yaw: -205.67471
  pitch: 3.6387963
