socialspy: false
lastAccountName: SaShAdRaGon1
timestamps:
  login: 1592155611591
  logout: 1592155653798
ipAddress: 37.53.37.119
lastlocation:
  world: world
  x: -415.5
  y: 102.0
  z: -502.5
  yaw: 0.0
  pitch: 0.0
logoutlocation:
  world: world
  x: -408.172869652285
  y: 58.0
  z: -507.97872225025026
  yaw: -355.9755
  pitch: 7.3888035
