socialspy: false
lastAccountName: Wizad
timestamps:
  login: 1590355705845
  logout: 1590355710357
ipAddress: 184.178.172.13
lastlocation:
  world: world
  x: -417.5
  y: 254.0
  z: -499.5
  yaw: 0.0
  pitch: 0.0
logoutlocation:
  world: world
  x: -408.5
  y: 58.0
  z: -499.5
  yaw: -205.67471
  pitch: 3.6387963
