socialspy: false
lastAccountName: Pr0kJl9IToEDiT9
timestamps:
  login: 1590860014506
  logout: 1590860025202
ipAddress: 176.112.173.28
lastlocation:
  world: world
  x: -399.5
  y: 254.0
  z: -505.5
  yaw: 0.0
  pitch: 0.0
logoutlocation:
  world: world
  x: -408.5
  y: 58.0
  z: -499.5
  yaw: -177.62471
  pitch: 19.688799
