socialspy: false
lastAccountName: Neden
timestamps:
  login: 1590355855898
  logout: 1590355875978
ipAddress: 184.178.172.25
lastlocation:
  world: world
  x: -410.5
  y: 254.0
  z: -497.5
  yaw: 0.0
  pitch: 0.0
logoutlocation:
  world: world
  x: -408.5
  y: 58.0
  z: -499.5
  yaw: -205.67471
  pitch: 3.6387963
