socialspy: false
lastAccountName: Vaiz4RRr
timestamps:
  login: 1589553506092
  logout: 1589553530722
ipAddress: 178.44.181.232
lastlocation:
  world: world
  x: -407.5
  y: 254.0
  z: -493.5
  yaw: 0.0
  pitch: 0.0
logoutlocation:
  world: world
  x: -415.47443561053296
  y: 74.0
  z: -503.34368258857995
  yaw: 93.537865
  pitch: 37.20347
