socialspy: false
lastAccountName: hack333ddos
timestamps:
  login: 1592070183212
  logout: 1592070221686
ipAddress: 5.144.115.161
lastlocation:
  world: world
  x: -417.5
  y: 117.0
  z: -508.5
  yaw: 0.0
  pitch: 0.0
logoutlocation:
  world: world
  x: -408.6394653313078
  y: 70.0
  z: -602.632173967233
  yaw: -183.9245
  pitch: 31.238781
