lastAccountName: Lemon4ikVkysa
timestamps:
  login: 1589451657177
  logout: 1589451695555
ipAddress: 91.245.135.233
socialspy: false
lastlocation:
  world: world
  x: -398.5
  y: 254.0
  z: -494.5
  yaw: 0.0
  pitch: 0.0
logoutlocation:
  world: world
  x: -483.1504684719289
  y: 85.17383126347194
  z: -462.40175583901885
  yaw: -219.77484
  pitch: 34.988796
