socialspy: false
lastAccountName: Sodi
timestamps:
  login: 1592121570827
  logout: 1592121804472
ipAddress: 92.246.211.236
lastlocation:
  world: world
  x: -401.5
  y: 70.0
  z: -490.5
  yaw: 0.0
  pitch: 0.0
logoutlocation:
  world: world
  x: -380.2198109959353
  y: 62.0
  z: -501.9029067607565
  yaw: -188.1439
  pitch: 22.594257
