socialspy: false
lastAccountName: xy6NDs4GvUUEUsBL
timestamps:
  login: 1591909630977
  logout: 1591909635675
ipAddress: 49.248.17.94
lastlocation:
  world: world
  x: -404.5
  y: 254.0
  z: -501.5
  yaw: 0.0
  pitch: 0.0
logoutlocation:
  world: world
  x: -408.5
  y: 58.0
  z: -499.5
  yaw: -205.67471
  pitch: 3.6387963
