socialspy: false
lastAccountName: tronnor
timestamps:
  login: 1589470022341
  logout: 1589470622169
ipAddress: 178.76.243.84
lastlocation:
  world: world
  x: -400.5
  y: 254.0
  z: -493.5
  yaw: 0.0
  pitch: 0.0
logoutlocation:
  world: world
  x: 1022.394668515998
  y: 64.0
  z: 1522.699999988079
  yaw: -142.75574
  pitch: 3.3861046
