socialspy: false
lastAccountName: Falbe
timestamps:
  login: 1590355856607
  logout: 1590355876078
ipAddress: 72.221.164.35
lastlocation:
  world: world
  x: -398.5
  y: 254.0
  z: -502.5
  yaw: 0.0
  pitch: 0.0
logoutlocation:
  world: world
  x: -408.5
  y: 58.0
  z: -499.5
  yaw: -205.67471
  pitch: 3.6387963
