socialspy: false
lastAccountName: ShtWWNjdWH7v_pAN
timestamps:
  login: 1591909620933
  logout: 1591909663051
ipAddress: 177.71.77.202
lastlocation:
  world: world
  x: -402.5
  y: 254.0
  z: -500.5
  yaw: 0.0
  pitch: 0.0
logoutlocation:
  world: world
  x: -408.5
  y: 58.0
  z: -499.5
  yaw: -205.67471
  pitch: 3.6387963
