socialspy: false
lastAccountName: BubbleBloodTea
timestamps:
  login: 1590881913075
  logout: 1590882076109
ipAddress: 37.212.205.152
lastlocation:
  world: world
  x: -414.5
  y: 254.0
  z: -490.5
  yaw: 0.0
  pitch: 0.0
logoutlocation:
  world: world
  x: -409.7343263300789
  y: 67.0
  z: -650.3957910860801
  yaw: -143.07721
  pitch: 13.53997
