socialspy: false
lastAccountName: TheEyesOfLife
timestamps:
  login: 1590355472477
  logout: 1590355484188
ipAddress: 96.44.183.149
lastlocation:
  world: world
  x: -409.5
  y: 101.0
  z: -507.5
  yaw: 0.0
  pitch: 0.0
logoutlocation:
  world: world
  x: -408.5
  y: 58.0
  z: -499.5
  yaw: -205.67471
  pitch: 3.6387963
