socialspy: false
lastAccountName: pro37pro
timestamps:
  login: 1591361443630
  logout: 1591361747955
ipAddress: 46.175.33.182
lastlocation:
  world: world
  x: -414.5
  y: 254.0
  z: -504.5
  yaw: 0.0
  pitch: 0.0
logoutlocation:
  world: world
  x: -388.47340345931434
  y: 62.0
  z: -542.2199661707365
  yaw: 138.27554
  pitch: -23.099995
