socialspy: false
lastAccountName: Olaff
timestamps:
  login: 1589462649801
  logout: 1589462755339
ipAddress: 178.90.253.5
lastlocation:
  world: world
  x: -402.5
  y: 106.0
  z: -504.5
  yaw: 0.0
  pitch: 0.0
logoutlocation:
  world: world
  x: -367.7268632686278
  y: 71.0
  z: -561.8401285793041
  yaw: 51.31703
  pitch: 54.603527
