socialspy: false
lastAccountName: Evilzach10
timestamps:
  login: 1590749777157
  logout: 1590749807040
ipAddress: 173.249.30.10
lastlocation:
  world: world
  x: -408.5
  y: 254.0
  z: -490.5
  yaw: 0.0
  pitch: 0.0
logoutlocation:
  world: world
  x: -408.5
  y: 58.0
  z: -499.5
  yaw: -205.67471
  pitch: 3.6387963
