socialspy: false
lastAccountName: GAMEBOYone
timestamps:
  login: 1592040323882
  logout: 1592040419030
ipAddress: 85.173.133.10
lastlocation:
  world: world
  x: -416.5
  y: 254.0
  z: -508.5
  yaw: 0.0
  pitch: 0.0
logoutlocation:
  world: world
  x: -413.6007461440897
  y: 58.0
  z: -501.62449792328374
  yaw: -83.0866
  pitch: 22.039179
