socialspy: false
lastAccountName: anti_valome
timestamps:
  login: 1590358269732
  logout: 1590358354338
ipAddress: 178.214.249.162
lastlocation:
  world: world
  x: -406.5
  y: 70.0
  z: -509.5
  yaw: 0.0
  pitch: 0.0
logoutlocation:
  world: world
  x: -408.5741460309334
  y: 58.0
  z: -512.7817027673038
  yaw: -145.22498
  pitch: 17.73878
