socialspy: false
lastAccountName: PsiPineapple
timestamps:
  login: 1589470515838
  logout: 1589470657550
ipAddress: 185.49.242.59
lastlocation:
  world: world
  x: -402.5
  y: 254.0
  z: -495.5
  yaw: 0.0
  pitch: 0.0
logoutlocation:
  world: world
  x: -381.861704594301
  y: 66.0
  z: -376.4221959936231
  yaw: -219.32468
  pitch: 19.2
