socialspy: false
lastAccountName: FeniX_WH2
timestamps:
  login: 1590662687578
  logout: 1590662694753
ipAddress: 37.77.108.32
lastlocation:
  world: world
  x: -409.5
  y: 129.0
  z: -494.5
  yaw: 0.0
  pitch: 0.0
logoutlocation:
  world: world
  x: -408.5
  y: 58.0
  z: -499.5
  yaw: -205.67471
  pitch: 3.6387963
