socialspy: false
lastAccountName: Zd4n0ast7v6KTGze
timestamps:
  login: 1591909628055
  logout: 1591909632523
ipAddress: 200.37.231.66
lastlocation:
  world: world
  x: -398.5
  y: 254.0
  z: -493.5
  yaw: 0.0
  pitch: 0.0
logoutlocation:
  world: world
  x: -408.5
  y: 58.0
  z: -499.5
  yaw: -205.67471
  pitch: 3.6387963
