socialspy: false
lastAccountName: Alyster
timestamps:
  login: 1592769606953
  logout: 1592769636852
ipAddress: 95.26.169.48
lastlocation:
  world: world
  x: -399.5
  y: 254.0
  z: -494.5
  yaw: 0.0
  pitch: 0.0
logoutlocation:
  world: world
  x: -408.39613286687467
  y: 58.0
  z: -499.61516353078366
  yaw: 211.47505
  pitch: 19.500004
