socialspy: false
lastAccountName: PRO100CiRiLl
timestamps:
  login: 1592320460734
  logout: 1592320519696
ipAddress: 178.67.198.74
lastlocation:
  world: world
  x: -406.5
  y: 254.0
  z: -503.5
  yaw: 0.0
  pitch: 0.0
logoutlocation:
  world: world
  x: -406.7554959375639
  y: 59.0
  z: -481.3621331986245
  yaw: -34.84776
  pitch: 12.629695
