socialspy: false
lastAccountName: Zhek
timestamps:
  login: 1589376525022
  logout: 1589376539311
ipAddress: 184.178.172.18
lastlocation:
  world: world
  x: -404.5
  y: 254.0
  z: -493.5
  yaw: 0.0
  pitch: 0.0
logoutlocation:
  world: world
  x: -408.5
  y: 58.0
  z: -499.5
  yaw: -205.67471
  pitch: 3.6387963
