socialspy: false
lastAccountName: 2EO9kHjffGUIiop8
timestamps:
  login: 1591909645781
  logout: 1591909650468
ipAddress: 78.83.199.235
lastlocation:
  world: world
  x: -416.5
  y: 60.0
  z: -502.5
  yaw: 0.0
  pitch: 0.0
logoutlocation:
  world: world
  x: -408.5
  y: 58.0
  z: -499.5
  yaw: -205.67471
  pitch: 3.6387963
