lastAccountName: mcpika
timestamps:
  login: 1589376502894
  logout: 1589376538463
ipAddress: 181.211.162.86
socialspy: false
lastlocation:
  world: world
  x: -406.5
  y: 128.0
  z: -494.5
  yaw: 0.0
  pitch: 0.0
logoutlocation:
  world: world
  x: -408.5
  y: 58.0
  z: -499.5
  yaw: -205.67471
  pitch: 3.6387963
