socialspy: false
lastAccountName: trylone
timestamps:
  login: 1589376516176
  logout: 1589376538345
ipAddress: 91.205.146.25
lastlocation:
  world: world
  x: -412.5
  y: 254.0
  z: -508.5
  yaw: 0.0
  pitch: 0.0
logoutlocation:
  world: world
  x: -408.5
  y: 58.0
  z: -499.5
  yaw: -205.67471
  pitch: 3.6387963
