socialspy: false
lastAccountName: Krik97
timestamps:
  login: 1590355472474
  logout: 1590355484164
ipAddress: 124.65.117.38
lastlocation:
  world: world
  x: -405.5
  y: 122.0
  z: -502.5
  yaw: 0.0
  pitch: 0.0
logoutlocation:
  world: world
  x: -408.5
  y: 58.0
  z: -499.5
  yaw: -205.67471
  pitch: 3.6387963
