socialspy: false
lastAccountName: RushSky
timestamps:
  login: 1589981093410
  logout: 1589981123352
ipAddress: 77.43.182.106
lastlocation:
  world: world
  x: -416.5
  y: 254.0
  z: -491.5
  yaw: 0.0
  pitch: 0.0
logoutlocation:
  world: world
  x: -407.49114376262645
  y: 58.0
  z: -499.9929834782683
  yaw: -145.9747
  pitch: 43.500015
