socialspy: false
lastAccountName: Krytoi_4el
timestamps:
  login: 1591456632540
  logout: 1591456658156
ipAddress: 176.108.27.216
lastlocation:
  world: world
  x: -401.5
  y: 69.0
  z: -489.5
  yaw: 0.0
  pitch: 0.0
logoutlocation:
  world: world
  x: -409.23644061544
  y: 58.0
  z: -501.97227491142746
  yaw: -124.272736
  pitch: -9.127869
