socialspy: false
lastAccountName: Devka_v_Tanky
timestamps:
  login: 1589452451857
  logout: 1589452457880
ipAddress: 178.214.249.42
lastlocation:
  world: world
  x: -401.5
  y: 254.0
  z: -491.5
  yaw: 0.0
  pitch: 0.0
logoutlocation:
  world: world
  x: -408.5
  y: 58.0
  z: -499.5
  yaw: -205.67471
  pitch: 3.6387963
