socialspy: false
lastAccountName: sasha0546
timestamps:
  login: 1590422002881
  logout: 1590422022548
ipAddress: 178.151.163.48
lastlocation:
  world: world
  x: -399.5
  y: 254.0
  z: -504.5
  yaw: 0.0
  pitch: 0.0
logoutlocation:
  world: world
  x: -409.849898875623
  y: 58.0
  z: -503.64420043371285
  yaw: -41.424698
  pitch: 36.188797
