socialspy: false
lastAccountName: Argonavt
timestamps:
  login: 1589970036254
  logout: 1589970072636
ipAddress: 37.212.120.95
lastlocation:
  world: world
  x: -399.5
  y: 254.0
  z: -495.5
  yaw: 0.0
  pitch: 0.0
logoutlocation:
  world: world
  x: -407.7884419397494
  y: 59.0
  z: -479.0111663507889
  yaw: -175.9752
  pitch: 6.638796
