socialspy: false
lastAccountName: GIplGNq2yYx3Rh9_
timestamps:
  login: 1591909639831
  logout: 1591909640418
ipAddress: 185.172.201.17
lastlocation:
  world: world
  x: -409.5
  y: 254.0
  z: -491.5
  yaw: 0.0
  pitch: 0.0
logoutlocation:
  world: world
  x: -408.5
  y: 58.0
  z: -499.5
  yaw: -205.67471
  pitch: 3.6387963
