socialspy: false
lastAccountName: ilka1
timestamps:
  login: 1589454205601
  logout: 1589454254776
ipAddress: 178.151.228.28
lastlocation:
  world: world
  x: -403.5
  y: 254.0
  z: -491.5
  yaw: 0.0
  pitch: 0.0
logoutlocation:
  world: world
  x: -406.53732941958725
  y: 62.0
  z: -540.0121511665097
  yaw: 218.97516
  pitch: 14.138795
