socialspy: false
lastAccountName: Dantes45
timestamps:
  login: 1591910271625
  logout: 1591910275158
ipAddress: 103.75.27.86
lastlocation:
  world: world
  x: -408.5
  y: 254.0
  z: -498.5
  yaw: 0.0
  pitch: 0.0
logoutlocation:
  world: world
  x: -408.5
  y: 58.0
  z: -499.5
  yaw: -205.67471
  pitch: 3.6387963
