socialspy: false
lastAccountName: RwKwNI37krBupmOT
timestamps:
  login: 1591909632856
  logout: 1591909635264
ipAddress: 177.221.95.118
lastlocation:
  world: world
  x: -418.5
  y: 254.0
  z: -503.5
  yaw: 0.0
  pitch: 0.0
logoutlocation:
  world: world
  x: -408.5
  y: 58.0
  z: -499.5
  yaw: -205.67471
  pitch: 3.6387963
