socialspy: false
lastAccountName: MisterHerobrine
timestamps:
  login: 1591910275181
  logout: 1591910282621
ipAddress: 114.31.20.2
lastlocation:
  world: world
  x: -413.5
  y: 254.0
  z: -504.5
  yaw: 0.0
  pitch: 0.0
logoutlocation:
  world: world
  x: -408.5
  y: 58.0
  z: -499.5
  yaw: -205.67471
  pitch: 3.6387963
