socialspy: false
lastAccountName: BOOMBOO4KA
timestamps:
  login: 1589376521640
  logout: 1589376538376
ipAddress: 51.38.71.101
lastlocation:
  world: world
  x: -414.5
  y: 254.0
  z: -496.5
  yaw: 0.0
  pitch: 0.0
logoutlocation:
  world: world
  x: -408.5
  y: 58.0
  z: -499.5
  yaw: -205.67471
  pitch: 3.6387963
