socialspy: false
lastAccountName: Dileron
timestamps:
  login: 1590355595339
  logout: 1590355646825
ipAddress: 103.216.82.46
lastlocation:
  world: world
  x: -418.5
  y: 254.0
  z: -494.5
  yaw: 0.0
  pitch: 0.0
logoutlocation:
  world: world
  x: -408.5
  y: 58.0
  z: -499.5
  yaw: -205.67471
  pitch: 3.6387963
