socialspy: false
lastAccountName: Flaiz_Er
timestamps:
  login: 1592757913446
  logout: 1592758022053
ipAddress: 212.46.18.125
lastlocation:
  world: world
  x: -404.5
  y: 114.0
  z: -495.5
  yaw: 0.0
  pitch: 0.0
logoutlocation:
  world: world
  x: -397.1146966019016
  y: 62.0
  z: -456.4758272796596
  yaw: -303.98276
  pitch: 5.762707
