socialspy: false
lastAccountName: Spermostrel
timestamps:
  login: 1590355839955
  logout: 1590355876674
ipAddress: 208.102.51.6
lastlocation:
  world: world
  x: -400.5
  y: 254.0
  z: -508.5
  yaw: 0.0
  pitch: 0.0
logoutlocation:
  world: world
  x: -408.5
  y: 58.0
  z: -499.5
  yaw: -205.67471
  pitch: 3.6387963
