socialspy: false
lastAccountName: rino4ka
timestamps:
  login: 1589633724448
  logout: 1589633781464
ipAddress: 178.121.37.16
lastlocation:
  world: world
  x: -416.5
  y: 254.0
  z: -495.5
  yaw: 0.0
  pitch: 0.0
logoutlocation:
  world: world
  x: -406.98710822644557
  y: 65.0
  z: -415.4374462085576
  yaw: -6.6245728
  pitch: 9.038773
