socialspy: false
lastAccountName: andrei0982
timestamps:
  login: 1589376500849
  logout: 1589376538300
ipAddress: 178.143.191.155
lastlocation:
  world: world
  x: -398.5
  y: 254.0
  z: -507.5
  yaw: 0.0
  pitch: 0.0
logoutlocation:
  world: world
  x: -408.5
  y: 58.0
  z: -499.5
  yaw: -205.67471
  pitch: 3.6387963
