socialspy: false
lastAccountName: Nohadoo
timestamps:
  login: 1590760074006
  logout: 1590760131931
ipAddress: 91.201.244.158
lastlocation:
  world: world
  x: -414.5
  y: 254.0
  z: -505.5
  yaw: 0.0
  pitch: 0.0
logoutlocation:
  world: world
  x: -413.09456996861917
  y: 65.0
  z: -335.09559839401544
  yaw: -341.7211
  pitch: 7.201817
