socialspy: false
lastAccountName: ulvi
timestamps:
  login: 1590355611416
  logout: 1590355647520
ipAddress: 173.245.239.177
lastlocation:
  world: world
  x: -402.5
  y: 254.0
  z: -489.5
  yaw: 0.0
  pitch: 0.0
logoutlocation:
  world: world
  x: -408.5
  y: 58.0
  z: -499.5
  yaw: -205.67471
  pitch: 3.6387963
