socialspy: false
lastAccountName: pussy
timestamps:
  login: 1590782316537
  logout: 1590782332432
ipAddress: 178.217.43.173
lastlocation:
  world: world
  x: -411.5
  y: 132.0
  z: -499.5
  yaw: 0.0
  pitch: 0.0
logoutlocation:
  world: world
  x: -408.5
  y: 58.0
  z: -499.5
  yaw: -205.67471
  pitch: 3.6387963
