socialspy: false
lastAccountName: Alchimheal
timestamps:
  login: 1592676931273
  logout: 1592676961123
ipAddress: 173.249.30.10
lastlocation:
  world: world
  x: -406.5
  y: 254.0
  z: -502.5
  yaw: 0.0
  pitch: 0.0
logoutlocation:
  world: world
  x: -408.5
  y: 58.0
  z: -499.5
  yaw: -205.67471
  pitch: 3.6387963
