socialspy: false
lastAccountName: creeper12
timestamps:
  login: 1589379760446
  logout: 1589379766405
ipAddress: 216.144.228.130
lastlocation:
  world: world
  x: -411.5
  y: 254.0
  z: -503.5
  yaw: 0.0
  pitch: 0.0
logoutlocation:
  world: world
  x: -408.5
  y: 58.0
  z: -499.5
  yaw: -205.67471
  pitch: 3.6387963
