socialspy: false
lastAccountName: Crazydik
timestamps:
  login: 1590355472478
  logout: 1590355484458
ipAddress: 72.210.252.134
lastlocation:
  world: world
  x: -416.5
  y: 59.0
  z: -502.5
  yaw: 0.0
  pitch: 0.0
logoutlocation:
  world: world
  x: -408.5
  y: 58.0
  z: -499.5
  yaw: -205.67471
  pitch: 3.6387963
