socialspy: false
lastAccountName: xxKUTARUMxx
timestamps:
  login: 1589459414165
  lastteleport: 1589459336950
  logout: 1589459462774
ipAddress: 188.170.73.202
lastlocation:
  world: world
  x: -407.6172616668248
  y: 59.0
  z: -483.7076877109574
  yaw: -19.674744
  pitch: 9.788788
logoutlocation:
  world: world
  x: 1175.6546844659122
  y: 67.59975000736713
  z: -1721.6470111854342
  yaw: 23.659115
  pitch: 11.976044
