socialspy: false
lastAccountName: VALAN_YT
timestamps:
  login: 1589482788417
  logout: 1589484386472
ipAddress: 46.160.252.128
lastlocation:
  world: world
  x: -387.07071813743454
  y: 64.0
  z: -627.5417018491048
  yaw: 208.92465
  pitch: 21.899973
logoutlocation:
  world: world
  x: -297.4049877254407
  y: 63.0
  z: -639.4921354913873
  yaw: -227.56268
  pitch: 23.699997
