socialspy: false
lastAccountName: 0owo0
timestamps:
  login: 1591910266785
  logout: 1591910267799
ipAddress: 118.173.233.31
lastlocation:
  world: world
  x: -408.5
  y: 254.0
  z: -502.5
  yaw: 0.0
  pitch: 0.0
logoutlocation:
  world: world
  x: -408.5
  y: 58.0
  z: -499.5
  yaw: -205.67471
  pitch: 3.6387963
