socialspy: false
lastAccountName: vero4ka13
timestamps:
  login: 1589379759588
  logout: 1589379766330
ipAddress: 185.220.101.30
lastlocation:
  world: world
  x: -409.5
  y: 254.0
  z: -498.5
  yaw: 0.0
  pitch: 0.0
logoutlocation:
  world: world
  x: -408.5
  y: 58.0
  z: -499.5
  yaw: -205.67471
  pitch: 3.6387963
