socialspy: false
lastAccountName: 31PePe13
timestamps:
  login: 1592585309841
  logout: 1592585601116
ipAddress: 90.151.146.52
lastlocation:
  world: world
  x: -411.5
  y: 254.0
  z: -494.5
  yaw: 0.0
  pitch: 0.0
logoutlocation:
  world: world
  x: -372.84655548020913
  y: 62.0
  z: -514.9477807144178
  yaw: -105.36859
  pitch: 25.062534
