socialspy: false
lastAccountName: PrOkJI91ToEDiT91
timestamps:
  login: 1590861042377
  logout: 1590861062243
ipAddress: 176.112.173.28
lastlocation:
  world: world
  x: -408.5
  y: 129.0
  z: -494.5
  yaw: 0.0
  pitch: 0.0
logoutlocation:
  world: world
  x: -408.5
  y: 58.0
  z: -499.5
  yaw: -205.52472
  pitch: 3.6387963
