socialspy: false
lastAccountName: gKQv8cNRS7b0w0A
timestamps:
  login: 1590400755353
  logout: 1590400777995
ipAddress: 193.106.192.149
lastlocation:
  world: world
  x: -411.5
  y: 254.0
  z: -496.5
  yaw: 0.0
  pitch: 0.0
logoutlocation:
  world: world
  x: -408.5
  y: 58.0
  z: -499.5
  yaw: -205.67471
  pitch: 3.6387963
