socialspy: false
lastAccountName: TigrHACK
timestamps:
  login: 1591454402924
  lastteleport: 1591454589713
  logout: 1591454630423
ipAddress: 195.178.21.174
lastlocation:
  world: world
  x: -421.9885956981386
  y: 63.0
  z: -544.2871013698394
  yaw: -208.36923
  pitch: 17.120182
logoutlocation:
  world: world
  x: -770.3600281517339
  y: 71.0
  z: 4.895211363691615
  yaw: -97.95001
  pitch: 21.150013
