socialspy: false
lastAccountName: DimaPro
timestamps:
  login: 1590323721827
  logout: 1590323858306
ipAddress: 37.212.57.106
lastlocation:
  world: world
  x: -405.5
  y: 118.0
  z: -496.5
  yaw: 0.0
  pitch: 0.0
logoutlocation:
  world: world
  x: -379.2476510073136
  y: 66.0
  z: -660.4387395229775
  yaw: 107.82575
  pitch: 6.900007
