socialspy: false
lastAccountName: Vaiz4RR
timestamps:
  login: 1589552988038
  logout: 1589553010340
ipAddress: 178.44.181.232
lastlocation:
  world: world
  x: -417.5
  y: 254.0
  z: -506.5
  yaw: 0.0
  pitch: 0.0
logoutlocation:
  world: world
  x: -386.0559094586503
  y: 64.0
  z: -502.5510817209225
  yaw: -257.59253
  pitch: 10.311751
