socialspy: false
lastAccountName: Mojocush
timestamps:
  login: 1591966293974
  logout: 1591966411457
ipAddress: 85.173.126.67
lastlocation:
  world: world
  x: -408.5
  y: 254.0
  z: -489.5
  yaw: 0.0
  pitch: 0.0
logoutlocation:
  world: world
  x: -407.4818590204176
  y: 69.1212968405392
  z: -423.10911135896976
  yaw: -37.074707
  pitch: 5.400013
