socialspy: false
lastAccountName: Betmer
timestamps:
  login: 1590048747782
  logout: 1590049566254
ipAddress: 46.48.169.76
lastlocation:
  world: world
  x: -405.5
  y: 254.0
  z: -491.5
  yaw: 0.0
  pitch: 0.0
logoutlocation:
  world: world
  x: 452.30000001192093
  y: 67.0
  z: 1659.5574211376631
  yaw: -271.50055
  pitch: 29.24999
