socialspy: false
lastAccountName: BezikYT
timestamps:
  login: 1589491970868
  logout: 1589491982752
ipAddress: 193.201.98.78
lastlocation:
  world: world
  x: -417.5
  y: 254.0
  z: -509.5
  yaw: 0.0
  pitch: 0.0
logoutlocation:
  world: world
  x: -407.6857573502789
  y: 58.0
  z: -505.36980325521637
  yaw: -208.29411
  pitch: 4.6865425
