socialspy: false
lastAccountName: Aqamaru
timestamps:
  login: 1592723452592
  logout: 1592723543731
ipAddress: 91.235.147.134
lastlocation:
  world: world
  x: -411.5
  y: 254.0
  z: -503.5
  yaw: 0.0
  pitch: 0.0
logoutlocation:
  world: world
  x: -312.07171958536696
  y: 63.0
  z: 1397.1972262463323
  yaw: 28.199785
  pitch: 20.250113
