lastAccountName: Sare
timestamps:
  login: 1590355740724
  logout: 1590355793251
ipAddress: 173.245.239.223
socialspy: false
lastlocation:
  world: world
  x: -415.5
  y: 137.0
  z: -497.5
  yaw: 0.0
  pitch: 0.0
logoutlocation:
  world: world
  x: -408.5
  y: 58.0
  z: -499.5
  yaw: -205.67471
  pitch: 3.6387963
