lastAccountName: Display
timestamps:
  login: 1590355847580
  logout: 1590355876074
ipAddress: 72.221.164.35
socialspy: false
lastlocation:
  world: world
  x: -400.5
  y: 254.0
  z: -499.5
  yaw: 0.0
  pitch: 0.0
logoutlocation:
  world: world
  x: -408.5
  y: 58.0
  z: -499.5
  yaw: -205.67471
  pitch: 3.6387963
