socialspy: false
lastAccountName: mekboyz07
timestamps:
  login: 1592588348853
  logout: 1592588363664
ipAddress: 5.182.25.67
lastlocation:
  world: world
  x: -401.5
  y: 254.0
  z: -493.5
  yaw: 0.0
  pitch: 0.0
logoutlocation:
  world: world
  x: -408.5
  y: 58.0
  z: -499.5
  yaw: -205.67471
  pitch: 3.6387963
