lastAccountName: LemonLimeLord
timestamps:
  login: 1589379760760
  logout: 1589379766501
ipAddress: 180.250.8.42
socialspy: false
lastlocation:
  world: world
  x: -406.5
  y: 254.0
  z: -501.5
  yaw: 0.0
  pitch: 0.0
logoutlocation:
  world: world
  x: -408.5
  y: 58.0
  z: -499.5
  yaw: -205.67471
  pitch: 3.6387963
