socialspy: false
lastAccountName: Sv2JQAnYFhGL3Kmo
timestamps:
  login: 1591909637196
  logout: 1591909641256
ipAddress: 124.172.232.57
lastlocation:
  world: world
  x: -414.5
  y: 254.0
  z: -507.5
  yaw: 0.0
  pitch: 0.0
logoutlocation:
  world: world
  x: -408.5
  y: 58.0
  z: -499.5
  yaw: -205.67471
  pitch: 3.6387963
