socialspy: false
lastAccountName: KiberSet
timestamps:
  login: 1590355480874
  logout: 1590355483232
ipAddress: 103.250.166.17
lastlocation:
  world: world
  x: -412.5
  y: 254.0
  z: -503.5
  yaw: 0.0
  pitch: 0.0
logoutlocation:
  world: world
  x: -408.5
  y: 58.0
  z: -499.5
  yaw: -205.67471
  pitch: 3.6387963
