socialspy: false
lastAccountName: Speeeeeeeedy
timestamps:
  login: 1589745092072
  logout: 1589745096799
ipAddress: 67.71.35.222
lastlocation:
  world: world
  x: -413.5
  y: 134.0
  z: -506.5
  yaw: 0.0
  pitch: 0.0
logoutlocation:
  world: world
  x: -408.65102129427646
  y: 58.0
  z: -499.9028543088681
  yaw: -186.43643
  pitch: 8.885603
