socialspy: false
lastAccountName: MishaNeYT
timestamps:
  login: 1589466419193
  logout: 1589467800132
ipAddress: 77.41.190.250
lastlocation:
  world: world
  x: -407.5
  y: 254.0
  z: -500.5
  yaw: 0.0
  pitch: 0.0
logoutlocation:
  world: world
  x: -436.1708160697443
  y: 67.0
  z: 641.2828773340465
  yaw: 99.63898
  pitch: 7.4285145
