lastAccountName: sdasd
timestamps:
  login: 1592149684321
  logout: 1592149703571
ipAddress: 5.44.168.81
socialspy: false
lastlocation:
  world: world
  x: -409.5
  y: 254.0
  z: -506.5
  yaw: 0.0
  pitch: 0.0
logoutlocation:
  world: world
  x: -379.05950810016634
  y: 62.0
  z: -510.04573655492777
  yaw: 147.43497
  pitch: 68.09997
