socialspy: false
lastAccountName: Xephi
timestamps:
  login: 1589452008449
  logout: 1589452010880
ipAddress: 83.237.197.71
lastlocation:
  world: world
  x: -416.5
  y: 254.0
  z: -505.5
  yaw: 0.0
  pitch: 0.0
logoutlocation:
  world: world
  x: -408.587516610145
  y: 58.0
  z: -499.6761302984988
  yaw: -206.4247
  pitch: 4.0887966
