socialspy: false
lastAccountName: ProkJI91ToEDiT91
timestamps:
  login: 1590860912152
  logout: 1590860918000
ipAddress: 176.112.173.28
lastlocation:
  world: world
  x: -410.5
  y: 254.0
  z: -496.5
  yaw: 0.0
  pitch: 0.0
logoutlocation:
  world: world
  x: -408.5
  y: 58.0
  z: -499.5
  yaw: -205.67471
  pitch: 3.6387963
