socialspy: false
lastAccountName: Sergo99
timestamps:
  login: 1590355651947
  logout: 1590355709754
ipAddress: 216.144.230.233
lastlocation:
  world: world
  x: -410.5
  y: 131.0
  z: -494.5
  yaw: 0.0
  pitch: 0.0
logoutlocation:
  world: world
  x: -408.5
  y: 58.0
  z: -499.5
  yaw: -205.67471
  pitch: 3.6387963
