socialspy: false
lastAccountName: StarryDtagonZ
timestamps:
  login: 1591443534348
  logout: 1591443547088
ipAddress: 92.112.154.218
lastlocation:
  world: world
  x: -418.5
  y: 254.0
  z: -509.5
  yaw: 0.0
  pitch: 0.0
logoutlocation:
  world: world
  x: -408.5
  y: 58.0
  z: -499.5
  yaw: -200.27472
  pitch: 2.5887961
