socialspy: false
lastAccountName: '159453'
timestamps:
  login: 1590355633965
  logout: 1590355675344
ipAddress: 72.49.49.11
lastlocation:
  world: world
  x: -402.5
  y: 254.0
  z: -493.5
  yaw: 0.0
  pitch: 0.0
logoutlocation:
  world: world
  x: -408.5
  y: 58.0
  z: -499.5
  yaw: -205.67471
  pitch: 3.6387963
