socialspy: false
lastAccountName: NeonG31
timestamps:
  login: 1589376501376
  logout: 1589376538452
ipAddress: 98.143.145.30
lastlocation:
  world: world
  x: -418.5
  y: 254.0
  z: -502.5
  yaw: 0.0
  pitch: 0.0
logoutlocation:
  world: world
  x: -408.5
  y: 58.0
  z: -499.5
  yaw: -205.67471
  pitch: 3.6387963
