socialspy: false
lastAccountName: noob4
timestamps:
  login: 1591989663255
  logout: 1591989670179
ipAddress: 92.112.154.218
lastlocation:
  world: world
  x: -414.5
  y: 135.0
  z: -494.5
  yaw: 0.0
  pitch: 0.0
logoutlocation:
  world: world
  x: -408.4096032968882
  y: 58.0
  z: -499.92062744989323
  yaw: -167.87474
  pitch: -10.011204
