socialspy: false
lastAccountName: XZ9w8xiqbnpioIJN
timestamps:
  login: 1590354918256
  logout: 1590354923346
ipAddress: 45.146.89.126
lastlocation:
  world: world
  x: -411.5
  y: 254.0
  z: -494.5
  yaw: 0.0
  pitch: 0.0
logoutlocation:
  world: world
  x: -408.5
  y: 58.0
  z: -499.5
  yaw: -205.67471
  pitch: 3.6387963
