socialspy: false
lastAccountName: coco
timestamps:
  login: 1591910271028
  logout: 1591910299753
ipAddress: 123.139.56.238
lastlocation:
  world: world
  x: -410.5
  y: 254.0
  z: -490.5
  yaw: 0.0
  pitch: 0.0
logoutlocation:
  world: world
  x: -408.5
  y: 58.0
  z: -499.5
  yaw: -205.67471
  pitch: 3.6387963
