socialspy: false
lastAccountName: ThugW3y
timestamps:
  login: 1589379763600
  logout: 1589379766428
ipAddress: 163.53.209.8
lastlocation:
  world: world
  x: -412.5
  y: 254.0
  z: -495.5
  yaw: 0.0
  pitch: 0.0
logoutlocation:
  world: world
  x: -408.5
  y: 58.0
  z: -499.5
  yaw: -205.67471
  pitch: 3.6387963
