socialspy: false
lastAccountName: KPACABA_
timestamps:
  login: 1589458554461
  logout: 1589458576807
ipAddress: 37.252.92.229
lastlocation:
  world: world
  x: -410.5
  y: 131.0
  z: -494.5
  yaw: 0.0
  pitch: 0.0
logoutlocation:
  world: world
  x: -408.45676084299305
  y: 73.0
  z: -581.4508347731605
  yaw: -37.332592
  pitch: 20.58977
