socialspy: false
lastAccountName: Dranoel_1811
timestamps:
  login: 1591811141553
  logout: 1591811167336
ipAddress: 217.230.176.84
lastlocation:
  world: world
  x: -405.5
  y: 254.0
  z: -495.5
  yaw: 0.0
  pitch: 0.0
logoutlocation:
  world: world
  x: -408.7795060963299
  y: 58.0
  z: -499.978596588767
  yaw: -109.97464
  pitch: -34.0112
