socialspy: false
lastAccountName: anton22222
timestamps:
  login: 1590355629192
  logout: 1590355646849
ipAddress: 98.143.145.30
lastlocation:
  world: world
  x: -408.5
  y: 254.0
  z: -509.5
  yaw: 0.0
  pitch: 0.0
logoutlocation:
  world: world
  x: -408.5
  y: 58.0
  z: -499.5
  yaw: -205.67471
  pitch: 3.6387963
