socialspy: false
lastAccountName: DontBan
timestamps:
  login: 1590236217271
  logout: 1590236305977
ipAddress: 88.200.214.47
lastlocation:
  world: world
  x: -410.5
  y: 254.0
  z: -507.5
  yaw: 0.0
  pitch: 0.0
logoutlocation:
  world: world
  x: -408.9087915490272
  y: 60.0
  z: -457.5676057010271
  yaw: 0.72528076
  pitch: 24.188816
