socialspy: false
lastAccountName: kirlleshka220
timestamps:
  login: 1591518945628
  logout: 1591519022129
ipAddress: 212.164.65.126
lastlocation:
  world: world
  x: -407.5
  y: 254.0
  z: -494.5
  yaw: 0.0
  pitch: 0.0
logoutlocation:
  world: world
  x: -404.02193100475716
  y: 61.0
  z: -535.9445013038488
  yaw: -0.774597
  pitch: 14.738781
