socialspy: false
lastAccountName: Quaz_
timestamps:
  login: 1591103495712
  lastteleport: 1591103940633
  logout: 1591104090732
ipAddress: 85.26.232.162
lastlocation:
  world: world
  x: -407.32655212796135
  y: 58.0
  z: -491.6547090244514
  yaw: 53.530853
  pitch: -5.829835
logoutlocation:
  world: world
  x: -409.46232883216436
  y: 58.0
  z: -497.2422540435328
  yaw: -145.51913
  pitch: -13.1798315
