socialspy: false
lastAccountName: Pr0kJI91ToEDiT91
timestamps:
  login: 1590861094189
  logout: 1590861105143
ipAddress: 176.112.173.28
lastlocation:
  world: world
  x: -402.5
  y: 254.0
  z: -495.5
  yaw: 0.0
  pitch: 0.0
logoutlocation:
  world: world
  x: -408.3139411922629
  y: 58.0
  z: -499.5140931688547
  yaw: -350.72485
  pitch: 20.138798
