socialspy: false
lastAccountName: GKray
timestamps:
  login: 1589455286097
  logout: 1589455381900
ipAddress: 2.95.41.206
lastlocation:
  world: world
  x: -401.5
  y: 254.0
  z: -496.5
  yaw: 0.0
  pitch: 0.0
logoutlocation:
  world: world
  x: -408.2358978755138
  y: 58.0
  z: -505.87228589937604
  yaw: -2.8757324
  pitch: 17.550009
