socialspy: false
lastAccountName: TvvfZexILlLP53yS
timestamps:
  login: 1591909623487
  logout: 1591909625348
ipAddress: 103.66.47.126
lastlocation:
  world: world
  x: -403.5
  y: 254.0
  z: -501.5
  yaw: 0.0
  pitch: 0.0
logoutlocation:
  world: world
  x: -408.5
  y: 58.0
  z: -499.5
  yaw: -205.67471
  pitch: 3.6387963
