socialspy: false
lastAccountName: Yura_Cool
timestamps:
  login: 1590918841587
  logout: 1590919064886
ipAddress: 195.34.207.149
lastlocation:
  world: world
  x: -407.5
  y: 254.0
  z: -496.5
  yaw: 0.0
  pitch: 0.0
logoutlocation:
  world: world
  x: -294.0473652769395
  y: 65.0
  z: -713.4356434295119
  yaw: -4.559265
  pitch: 30.7447
