socialspy: false
lastAccountName: albertiuz42
timestamps:
  login: 1591085632918
  logout: 1591085692145
ipAddress: 31.13.145.162
lastlocation:
  world: world
  x: -413.5
  y: 136.0
  z: -494.5
  yaw: 0.0
  pitch: 0.0
logoutlocation:
  world: world
  x: -354.3847514542463
  y: 64.0
  z: -505.75758612549697
  yaw: -92.87473
  pitch: 30.4888
