socialspy: false
lastAccountName: fsdfsdfdsf
timestamps:
  login: 1592503653789
  logout: 1592503675475
ipAddress: 212.164.64.1
lastlocation:
  world: world
  x: -417.5
  y: 131.0
  z: -497.5
  yaw: 0.0
  pitch: 0.0
logoutlocation:
  world: world
  x: -391.91438854135197
  y: 62.0
  z: -524.3682063415492
  yaw: -87.966125
  pitch: 7.4271035
