socialspy: false
lastAccountName: Lkoperkys
timestamps:
  login: 1592599037529
  logout: 1592599111813
ipAddress: 217.107.126.77
lastlocation:
  world: world
  x: -403.5
  y: 254.0
  z: -506.5
  yaw: 0.0
  pitch: 0.0
logoutlocation:
  world: world
  x: -406.69999998807907
  y: 66.0
  z: -677.4380078895314
  yaw: -179.72484
  pitch: 16.688786
