socialspy: false
lastAccountName: OMG
timestamps:
  login: 1591910271624
  logout: 1591910276484
ipAddress: 181.115.168.99
lastlocation:
  world: world
  x: -406.5
  y: 72.0
  z: -507.5
  yaw: 0.0
  pitch: 0.0
logoutlocation:
  world: world
  x: -408.5
  y: 58.0
  z: -499.5
  yaw: -205.67471
  pitch: 3.6387963
