socialspy: false
lastAccountName: ZNGHVi0CQzC8jEZw
timestamps:
  login: 1591909644727
  logout: 1591909648787
ipAddress: 79.1.35.208
lastlocation:
  world: world
  x: -404.5
  y: 254.0
  z: -490.5
  yaw: 0.0
  pitch: 0.0
logoutlocation:
  world: world
  x: -408.5
  y: 58.0
  z: -499.5
  yaw: -205.67471
  pitch: 3.6387963
