socialspy: false
lastAccountName: JeffTroll
timestamps:
  login: 1591910266222
  logout: 1591910266644
ipAddress: 27.72.244.228
lastlocation:
  world: world
  x: -404.5
  y: 254.0
  z: -492.5
  yaw: 0.0
  pitch: 0.0
logoutlocation:
  world: world
  x: -408.5
  y: 58.0
  z: -499.5
  yaw: -205.67471
  pitch: 3.6387963
