socialspy: false
lastAccountName: qTeGTDXWpCHv_gIW
timestamps:
  login: 1591909618216
  logout: 1591909620175
ipAddress: 78.83.199.235
lastlocation:
  world: world
  x: -412.5
  y: 254.0
  z: -508.5
  yaw: 0.0
  pitch: 0.0
logoutlocation:
  world: world
  x: -408.5
  y: 58.0
  z: -499.5
  yaw: -205.67471
  pitch: 3.6387963
