socialspy: false
lastAccountName: Dadon
timestamps:
  login: 1590355857543
  logout: 1590355875986
ipAddress: 103.250.157.43
lastlocation:
  world: world
  x: -414.5
  y: 254.0
  z: -504.5
  yaw: 0.0
  pitch: 0.0
logoutlocation:
  world: world
  x: -408.5
  y: 58.0
  z: -499.5
  yaw: -205.67471
  pitch: 3.6387963
