socialspy: false
lastAccountName: Arm4x
timestamps:
  login: 1592719053745
  logout: 1592719227882
ipAddress: 94.233.249.237
lastlocation:
  world: world
  x: -403.5
  y: 254.0
  z: -497.5
  yaw: 0.0
  pitch: 0.0
logoutlocation:
  world: world
  x: -409.8023809704679
  y: 58.0
  z: -508.30460363657414
  yaw: -4.7770996
  pitch: 7.5620685
