socialspy: false
lastAccountName: Adil123456789943
timestamps:
  login: 1589621341749
  logout: 1589621424925
ipAddress: 94.125.99.49
lastlocation:
  world: world
  x: -415.5
  y: 254.0
  z: -492.5
  yaw: 0.0
  pitch: 0.0
logoutlocation:
  world: world
  x: -388.3932370678181
  y: 60.0
  z: -499.9401119467021
  yaw: 316.32544
  pitch: 28.050001
