socialspy: false
lastAccountName: GabBe1202
timestamps:
  login: 1590355687096
  logout: 1590355710154
ipAddress: 66.110.216.105
lastlocation:
  world: world
  x: -398.5
  y: 254.0
  z: -509.5
  yaw: 0.0
  pitch: 0.0
logoutlocation:
  world: world
  x: -408.5
  y: 58.0
  z: -499.5
  yaw: -205.67471
  pitch: 3.6387963
