lastAccountName: Gosha7819
timestamps:
  login: 1590355626794
  logout: 1590355646838
ipAddress: 185.100.87.41
socialspy: false
lastlocation:
  world: world
  x: -406.5
  y: 131.0
  z: -496.5
  yaw: 0.0
  pitch: 0.0
logoutlocation:
  world: world
  x: -408.5
  y: 58.0
  z: -499.5
  yaw: -205.67471
  pitch: 3.6387963
