socialspy: false
lastAccountName: e6KaYwTfcAJzP7p9
timestamps:
  login: 1591909621783
  logout: 1591909652920
ipAddress: 115.127.64.58
lastlocation:
  world: world
  x: -402.5
  y: 254.0
  z: -492.5
  yaw: 0.0
  pitch: 0.0
logoutlocation:
  world: world
  x: -408.5
  y: 58.0
  z: -499.5
  yaw: -205.67471
  pitch: 3.6387963
