socialspy: false
lastAccountName: BodRobik
timestamps:
  login: 1591447411627
  logout: 1591447418407
ipAddress: 45.132.92.69
lastlocation:
  world: world
  x: -410.5
  y: 254.0
  z: -491.5
  yaw: 0.0
  pitch: 0.0
logoutlocation:
  world: world
  x: -414.30000001192093
  y: 61.0
  z: -487.30000001192093
  yaw: -13.974546
  pitch: -4.1612105
