socialspy: false
lastAccountName: Kl7vu6T1DUxcl1LA
timestamps:
  login: 1591909617020
  logout: 1591909620930
ipAddress: 212.22.95.35
lastlocation:
  world: world
  x: -399.5
  y: 254.0
  z: -491.5
  yaw: 0.0
  pitch: 0.0
logoutlocation:
  world: world
  x: -408.5
  y: 58.0
  z: -499.5
  yaw: -205.67471
  pitch: 3.6387963
