socialspy: false
lastAccountName: SHOVEit
timestamps:
  login: 1591195808386
  logout: 1591195876579
ipAddress: 94.50.177.115
lastlocation:
  world: world
  x: -415.5
  y: 254.0
  z: -491.5
  yaw: 0.0
  pitch: 0.0
logoutlocation:
  world: world
  x: -1166.2326188589066
  y: 72.0
  z: -1866.4497124500265
  yaw: -359.5636
  pitch: 6.459281
