socialspy: false
lastAccountName: KoPeToLLLKa
timestamps:
  login: 1590347756403
  logout: 1590347896550
ipAddress: 83.219.146.89
lastlocation:
  world: world
  x: -403.5
  y: 254.0
  z: -494.5
  yaw: 0.0
  pitch: 0.0
logoutlocation:
  world: world
  x: -566.3000000119209
  y: 81.0
  z: -707.113761622498
  yaw: -184.70581
  pitch: 6.4500055
