lastAccountName: mimimizhka
timestamps:
  login: 1590355650325
  logout: 1590355688015
ipAddress: 51.75.52.118
socialspy: false
lastlocation:
  world: world
  x: -405.5
  y: 254.0
  z: -491.5
  yaw: 0.0
  pitch: 0.0
logoutlocation:
  world: world
  x: -408.5
  y: 58.0
  z: -499.5
  yaw: -205.67471
  pitch: 3.6387963
