lastAccountName: SkyHighGamer
timestamps:
  login: 1590355483001
  logout: 1590355484552
ipAddress: 217.219.179.64
socialspy: false
lastlocation:
  world: world
  x: -416.5
  y: 254.0
  z: -497.5
  yaw: 0.0
  pitch: 0.0
logoutlocation:
  world: world
  x: -408.5
  y: 58.0
  z: -499.5
  yaw: -205.67471
  pitch: 3.6387963
