socialspy: false
lastAccountName: MisterArni
timestamps:
  login: 1592152272675
  logout: 1592152281363
ipAddress: 109.248.190.117
lastlocation:
  world: world
  x: -404.5
  y: 254.0
  z: -507.5
  yaw: 0.0
  pitch: 0.0
logoutlocation:
  world: world
  x: -408.5
  y: 58.0
  z: -499.5
  yaw: 165.72522
  pitch: 6.0387955
