socialspy: false
lastAccountName: jIcWpGWq8yauNLEP
timestamps:
  login: 1591909623386
  logout: 1591909652721
ipAddress: 77.242.21.186
lastlocation:
  world: world
  x: -414.5
  y: 135.0
  z: -494.5
  yaw: 0.0
  pitch: 0.0
logoutlocation:
  world: world
  x: -408.5
  y: 58.0
  z: -499.5
  yaw: -205.67471
  pitch: 3.6387963
