socialspy: false
lastAccountName: KlaPedRA
timestamps:
  login: 1590346805366
  logout: 1590347705989
ipAddress: 83.219.146.89
lastlocation:
  world: world
  x: -399.5
  y: 128.0
  z: -490.5
  yaw: 0.0
  pitch: 0.0
logoutlocation:
  world: world
  x: -404.92197441973303
  y: 61.0
  z: -550.2545747805121
  yaw: -215.56909
  pitch: 1.049965
