socialspy: false
lastAccountName: comstock
timestamps:
  login: 1591910269981
  logout: 1591910275144
ipAddress: 103.216.82.203
lastlocation:
  world: world
  x: -414.5
  y: 254.0
  z: -504.5
  yaw: 0.0
  pitch: 0.0
logoutlocation:
  world: world
  x: -408.5
  y: 58.0
  z: -499.5
  yaw: -205.67471
  pitch: 3.6387963
