socialspy: false
lastAccountName: gano221
timestamps:
  login: 1591959486153
  logout: 1591959516138
ipAddress: 188.254.98.122
lastlocation:
  world: world
  x: -415.5
  y: 254.0
  z: -491.5
  yaw: 0.0
  pitch: 0.0
logoutlocation:
  world: world
  x: -408.5529873831643
  y: 58.0
  z: -499.44203451777855
  yaw: -250.52425
  pitch: 89.09999
