socialspy: false
lastAccountName: Rostamba
timestamps:
  login: 1592552168033
  logout: 1592552183192
ipAddress: 178.155.5.20
lastlocation:
  world: world
  x: -407.5
  y: 254.0
  z: -494.5
  yaw: 0.0
  pitch: 0.0
logoutlocation:
  world: world
  x: -408.5828563051175
  y: 58.0
  z: -499.9930512202868
  yaw: -25.582764
  pitch: 19.311388
