socialspy: false
lastAccountName: Vaiz4
timestamps:
  login: 1589555207025
  logout: 1589555236991
ipAddress: 178.44.181.232
lastlocation:
  world: world
  x: -408.5
  y: 254.0
  z: -503.5
  yaw: 0.0
  pitch: 0.0
logoutlocation:
  world: world
  x: -408.04560851687665
  y: 58.0
  z: -499.473782293473
  yaw: -194.19731
  pitch: 4.839917
