lastAccountName: 3ou_3adrot
timestamps:
  login: 1592304864201
  logout: 1592304894058
ipAddress: 130.180.217.184
socialspy: false
lastlocation:
  world: world
  x: -398.5
  y: 254.0
  z: -495.5
  yaw: 0.0
  pitch: 0.0
logoutlocation:
  world: world
  x: -408.5
  y: 58.0
  z: -499.5
  yaw: -205.67471
  pitch: 3.6387963
