socialspy: false
lastAccountName: SerJik64
timestamps:
  login: 1589973441448
  logout: 1589973863439
ipAddress: 178.45.217.50
lastlocation:
  world: world
  x: -412.5
  y: 126.0
  z: -504.5
  yaw: 0.0
  pitch: 0.0
logoutlocation:
  world: world
  x: -787.7283523279167
  y: 69.0
  z: -860.5449214515272
  yaw: -82.79285
  pitch: 8.824755
