socialspy: false
lastAccountName: ProsakSashi
timestamps:
  login: 1591358937699
  logout: 1591359026690
ipAddress: 37.212.6.176
lastlocation:
  world: world
  x: -416.5
  y: 254.0
  z: -507.5
  yaw: 0.0
  pitch: 0.0
logoutlocation:
  world: world
  x: -446.81535347831226
  y: 65.0
  z: -639.1662027767566
  yaw: -268.7319
  pitch: 25.272278
