socialspy: false
lastAccountName: KiPra
timestamps:
  login: 1590860798503
  logout: 1590860872989
ipAddress: 176.112.173.28
lastlocation:
  world: world
  x: -418.5
  y: 254.0
  z: -489.5
  yaw: 0.0
  pitch: 0.0
logoutlocation:
  world: world
  x: -408.4602955908685
  y: 60.0
  z: -529.9551830364805
  yaw: -187.06918
  pitch: 5.5701685
