socialspy: false
lastAccountName: alex09
timestamps:
  login: 1590355638536
  logout: 1590355647705
ipAddress: 72.49.49.11
lastlocation:
  world: world
  x: -403.5
  y: 254.0
  z: -508.5
  yaw: 0.0
  pitch: 0.0
logoutlocation:
  world: world
  x: -408.5
  y: 58.0
  z: -499.5
  yaw: -205.67471
  pitch: 3.6387963
