socialspy: false
lastAccountName: serjant
timestamps:
  login: 1592480018943
  logout: 1592480020203
ipAddress: 83.221.200.30
lastlocation:
  world: world
  x: -417.5
  y: 254.0
  z: -489.5
  yaw: 0.0
  pitch: 0.0
logoutlocation:
  world: world
  x: -408.5
  y: 58.0
  z: -499.5
  yaw: -205.67471
  pitch: 3.6387963
