socialspy: false
lastAccountName: kwocYCRk1x
timestamps:
  login: 1590400752093
  logout: 1590400759803
ipAddress: 181.119.81.1
lastlocation:
  world: world
  x: -405.5
  y: 254.0
  z: -504.5
  yaw: 0.0
  pitch: 0.0
logoutlocation:
  world: world
  x: -408.5
  y: 58.0
  z: -499.5
  yaw: -205.67471
  pitch: 3.6387963
