socialspy: false
lastAccountName: izzen
timestamps:
  login: 1590355862379
  logout: 1590355876086
ipAddress: 103.21.161.105
lastlocation:
  world: world
  x: -414.5
  y: 254.0
  z: -502.5
  yaw: 0.0
  pitch: 0.0
logoutlocation:
  world: world
  x: -408.5
  y: 58.0
  z: -499.5
  yaw: -205.67471
  pitch: 3.6387963
