socialspy: false
lastAccountName: Anix
timestamps:
  login: 1590355756285
  logout: 1590355794350
ipAddress: 173.245.239.223
lastlocation:
  world: world
  x: -411.5
  y: 254.0
  z: -502.5
  yaw: 0.0
  pitch: 0.0
logoutlocation:
  world: world
  x: -408.5
  y: 58.0
  z: -499.5
  yaw: -205.67471
  pitch: 3.6387963
