socialspy: false
lastAccountName: filoghost
timestamps:
  login: 1590514704253
  logout: 1590514810466
ipAddress: 91.235.227.217
lastlocation:
  world: world
  x: -398.5
  y: 254.0
  z: -493.5
  yaw: 0.0
  pitch: 0.0
logoutlocation:
  world: world
  x: -376.95900448307026
  y: 66.0
  z: -410.3306045378707
  yaw: -19.38266
  pitch: 3.9715688
