socialspy: false
lastAccountName: Bandaro
timestamps:
  login: 1590355596987
  logout: 1590355646912
ipAddress: 66.110.216.105
lastlocation:
  world: world
  x: -404.5
  y: 254.0
  z: -490.5
  yaw: 0.0
  pitch: 0.0
logoutlocation:
  world: world
  x: -408.5
  y: 58.0
  z: -499.5
  yaw: -205.67471
  pitch: 3.6387963
