socialspy: false
lastAccountName: 6RNEUoGSLLqqvUpI
timestamps:
  login: 1591909625925
  logout: 1591909629256
ipAddress: 182.48.79.85
lastlocation:
  world: world
  x: -412.5
  y: 254.0
  z: -494.5
  yaw: 0.0
  pitch: 0.0
logoutlocation:
  world: world
  x: -408.5
  y: 58.0
  z: -499.5
  yaw: -205.67471
  pitch: 3.6387963
