socialspy: false
lastAccountName: HARVESTAR
timestamps:
  login: 1589376511197
  logout: 1589376538483
ipAddress: 121.139.218.165
lastlocation:
  world: world
  x: -407.5
  y: 254.0
  z: -507.5
  yaw: 0.0
  pitch: 0.0
logoutlocation:
  world: world
  x: -408.5
  y: 58.0
  z: -499.5
  yaw: -205.67471
  pitch: 3.6387963
