socialspy: false
lastAccountName: kirik27
timestamps:
  login: 1589901156889
  logout: 1589901173453
ipAddress: 37.212.120.95
lastlocation:
  world: world
  x: -398.5
  y: 254.0
  z: -502.5
  yaw: 0.0
  pitch: 0.0
logoutlocation:
  world: world
  x: -408.1157175737939
  y: 58.0
  z: -497.76422352474594
  yaw: -1.374466
  pitch: 14.438811
