socialspy: false
lastAccountName: md_5
timestamps:
  login: 1589452237636
  logout: 1589452337275
ipAddress: 176.192.188.246
lastlocation:
  world: world
  x: -407.5
  y: 254.0
  z: -500.5
  yaw: 0.0
  pitch: 0.0
logoutlocation:
  world: world
  x: -470.5879621732529
  y: 71.0
  z: -651.022251939544
  yaw: 305.5158
  pitch: 62.403824
