socialspy: false
lastAccountName: kencik03
timestamps:
  login: 1590267588546
  logout: 1590267985546
ipAddress: 178.176.169.29
lastlocation:
  world: world
  x: -404.5
  y: 254.0
  z: -507.5
  yaw: 0.0
  pitch: 0.0
logoutlocation:
  world: world
  x: -406.93093187200213
  y: 61.0
  z: -518.8695577039658
  yaw: -280.36905
  pitch: 71.7
