socialspy: false
lastAccountName: eN_khTGTENyjuOR8
timestamps:
  login: 1591909625043
  logout: 1591909627287
ipAddress: 189.50.145.18
lastlocation:
  world: world
  x: -414.5
  y: 254.0
  z: -503.5
  yaw: 0.0
  pitch: 0.0
logoutlocation:
  world: world
  x: -408.5
  y: 58.0
  z: -499.5
  yaw: -205.67471
  pitch: 3.6387963
