socialspy: false
lastAccountName: VRange
timestamps:
  login: 1589817421763
  logout: 1589817929450
ipAddress: 94.233.239.18
lastlocation:
  world: world
  x: -248.39057343066094
  y: 66.17675927506424
  z: -668.435658048262
  yaw: 102.1705
  pitch: 22.631544
logoutlocation:
  world: world
  x: -398.8983537763171
  y: 61.0
  z: -544.3348780689544
  yaw: 101.418915
  pitch: 9.644037
