socialspy: false
lastAccountName: zac9797
timestamps:
  login: 1590355477949
  logout: 1590355484256
ipAddress: 49.248.17.94
lastlocation:
  world: world
  x: -400.5
  y: 254.0
  z: -493.5
  yaw: 0.0
  pitch: 0.0
logoutlocation:
  world: world
  x: -408.5
  y: 58.0
  z: -499.5
  yaw: -205.67471
  pitch: 3.6387963
