socialspy: false
lastAccountName: HlL9Pp9LWoyDREMy
timestamps:
  login: 1591909625044
  logout: 1591909633722
ipAddress: 41.210.161.114
lastlocation:
  world: world
  x: -410.5
  y: 254.0
  z: -505.5
  yaw: 0.0
  pitch: 0.0
logoutlocation:
  world: world
  x: -408.5
  y: 58.0
  z: -499.5
  yaw: -205.67471
  pitch: 3.6387963
