socialspy: false
lastAccountName: KeKoGames
timestamps:
  login: 1590355761671
  logout: 1590355793052
ipAddress: 24.249.199.14
lastlocation:
  world: world
  x: -414.5
  y: 254.0
  z: -505.5
  yaw: 0.0
  pitch: 0.0
logoutlocation:
  world: world
  x: -408.5
  y: 58.0
  z: -499.5
  yaw: -205.67471
  pitch: 3.6387963
