socialspy: false
lastAccountName: TaNx0R_Diiisk0
timestamps:
  login: 1592605035881
  logout: 1592606383289
  lastteleport: 1592605905426
ipAddress: 87.250.31.224
lastlocation:
  world: world
  x: 1763.2003888510014
  y: 79.0
  z: -1080.011069218378
  yaw: -163.38223
  pitch: 19.158455
logoutlocation:
  world: world
  x: 1856.699999988079
  y: 78.0
  z: -999.8039371479593
  yaw: -56.93042
  pitch: 20.144297
