socialspy: false
lastAccountName: amneziya
timestamps:
  login: 1590355740179
  logout: 1590355778571
ipAddress: 184.178.172.18
lastlocation:
  world: world
  x: -413.5
  y: 254.0
  z: -493.5
  yaw: 0.0
  pitch: 0.0
logoutlocation:
  world: world
  x: -408.5
  y: 58.0
  z: -499.5
  yaw: -205.67471
  pitch: 3.6387963
