socialspy: false
lastAccountName: Miriam0_8
timestamps:
  login: 1591652056908
  logout: 1591652110644
ipAddress: 159.224.223.200
lastlocation:
  world: world
  x: -401.5
  y: 254.0
  z: -499.5
  yaw: 0.0
  pitch: 0.0
logoutlocation:
  world: world
  x: -384.5519419363744
  y: 62.0
  z: -525.2643360271999
  yaw: -6.307617
  pitch: -27.825243
