socialspy: false
lastAccountName: wuNnkQbZ7RlH3a3_
timestamps:
  login: 1591909650820
  logout: 1591909655773
ipAddress: 125.163.160.229
lastlocation:
  world: world
  x: -398.5
  y: 254.0
  z: -489.5
  yaw: 0.0
  pitch: 0.0
logoutlocation:
  world: world
  x: -408.5
  y: 58.0
  z: -499.5
  yaw: -205.67471
  pitch: 3.6387963
