socialspy: false
lastAccountName: mormosh2007
timestamps:
  login: 1591824212422
  logout: 1591824275584
ipAddress: 176.52.33.79
lastlocation:
  world: world
  x: -416.5
  y: 254.0
  z: -489.5
  yaw: 0.0
  pitch: 0.0
logoutlocation:
  world: world
  x: 954.6380003522398
  y: 66.0
  z: -1457.5224993483446
  yaw: 11.045902
  pitch: -89.49329
