socialspy: false
lastAccountName: MbsjRNeDtPzMeuaV
timestamps:
  login: 1591909625063
  logout: 1591909628467
ipAddress: 125.27.251.57
lastlocation:
  world: world
  x: -409.5
  y: 101.0
  z: -508.5
  yaw: 0.0
  pitch: 0.0
logoutlocation:
  world: world
  x: -408.5
  y: 58.0
  z: -499.5
  yaw: -205.67471
  pitch: 3.6387963
