socialspy: false
lastAccountName: iMac
timestamps:
  login: 1590355482588
  logout: 1590355484064
ipAddress: 79.101.98.2
lastlocation:
  world: world
  x: -402.5
  y: 254.0
  z: -507.5
  yaw: 0.0
  pitch: 0.0
logoutlocation:
  world: world
  x: -408.5
  y: 58.0
  z: -499.5
  yaw: -205.67471
  pitch: 3.6387963
