socialspy: false
lastAccountName: 19girlygamer
timestamps:
  login: 1590355862617
  logout: 1590355875997
ipAddress: 72.210.252.134
lastlocation:
  world: world
  x: -411.5
  y: 254.0
  z: -497.5
  yaw: 0.0
  pitch: 0.0
logoutlocation:
  world: world
  x: -408.5
  y: 58.0
  z: -499.5
  yaw: -205.67471
  pitch: 3.6387963
