socialspy: false
lastAccountName: Dam0n_S
timestamps:
  login: 1592097237003
  logout: 1592097428484
ipAddress: 176.121.8.157
lastlocation:
  world: world
  x: -407.5
  y: 130.0
  z: -495.5
  yaw: 0.0
  pitch: 0.0
logoutlocation:
  world: world
  x: -408.5107645644764
  y: 68.0
  z: -566.8582330599146
  yaw: -178.83809
  pitch: 3.5969298
