socialspy: false
lastAccountName: Vampires
timestamps:
  login: 1591910270346
  logout: 1591910275595
ipAddress: 174.70.241.8
lastlocation:
  world: world
  x: -402.5
  y: 254.0
  z: -496.5
  yaw: 0.0
  pitch: 0.0
logoutlocation:
  world: world
  x: -408.5
  y: 58.0
  z: -499.5
  yaw: -205.67471
  pitch: 3.6387963
