socialspy: false
lastAccountName: dragon354
timestamps:
  login: 1590686928739
  logout: 1590687251667
ipAddress: 62.133.162.221
lastlocation:
  world: world
  x: -403.5
  y: 254.0
  z: -509.5
  yaw: 0.0
  pitch: 0.0
logoutlocation:
  world: world
  x: -355.0441256698962
  y: 65.0
  z: -511.24863406428176
  yaw: 203.52283
  pitch: 19.799976
