socialspy: false
lastAccountName: aawdadwadawdwad
timestamps:
  login: 1590960751679
  logout: 1590960781632
ipAddress: 195.34.207.149
lastlocation:
  world: world
  x: -405.5
  y: 254.0
  z: -500.5
  yaw: 0.0
  pitch: 0.0
logoutlocation:
  world: world
  x: -408.5
  y: 58.0
  z: -499.5
  yaw: -289.82455
  pitch: -83.550026
