socialspy: false
lastAccountName: zeemann1
timestamps:
  login: 1591910274216
  logout: 1591910275611
ipAddress: 103.87.160.4
lastlocation:
  world: world
  x: -404.5
  y: 254.0
  z: -502.5
  yaw: 0.0
  pitch: 0.0
logoutlocation:
  world: world
  x: -408.5
  y: 58.0
  z: -499.5
  yaw: -205.67471
  pitch: 3.6387963
