socialspy: false
lastAccountName: dfjrfi
timestamps:
  login: 1592678020146
  logout: 1592678067452
ipAddress: 178.120.9.224
lastlocation:
  world: world
  x: -412.5
  y: 254.0
  z: -503.5
  yaw: 0.0
  pitch: 0.0
logoutlocation:
  world: world
  x: -409.9560843257153
  y: 59.0
  z: -485.3744924480202
  yaw: 246.72531
  pitch: 2.5887866
