socialspy: false
lastAccountName: HubaBuba
timestamps:
  login: 1590400632999
  logout: 1590400676381
ipAddress: 46.149.50.50
lastlocation:
  world: world
  x: -398.5
  y: 254.0
  z: -495.5
  yaw: 0.0
  pitch: 0.0
logoutlocation:
  world: world
  x: -408.5033482076091
  y: 63.00133597911215
  z: -539.4160725337763
  yaw: -182.3997
  pitch: 14.853128
