socialspy: false
lastAccountName: Petr4x
timestamps:
  login: 1592043768965
  logout: 1592043770409
ipAddress: 176.52.35.206
lastlocation:
  world: world
  x: -410.5
  y: 254.0
  z: -502.5
  yaw: 0.0
  pitch: 0.0
logoutlocation:
  world: world
  x: -408.2470164709672
  y: 60.0
  z: -523.5752236856932
  yaw: -182.3139
  pitch: -3.4818695
