socialspy: false
lastAccountName: Ilaz2
timestamps:
  login: 1589379759239
  logout: 1589379766474
ipAddress: 202.142.147.87
lastlocation:
  world: world
  x: -402.5
  y: 113.0
  z: -508.5
  yaw: 0.0
  pitch: 0.0
logoutlocation:
  world: world
  x: -408.5
  y: 58.0
  z: -499.5
  yaw: -205.67471
  pitch: 3.6387963
