socialspy: false
lastAccountName: sailverYT
timestamps:
  login: 1589471360941
  logout: 1589471364018
ipAddress: 84.39.244.110
lastlocation:
  world: world
  x: -409.5
  y: 101.0
  z: -508.5
  yaw: 0.0
  pitch: 0.0
logoutlocation:
  world: world
  x: -408.92881360806405
  y: 58.0
  z: -499.46510140352115
  yaw: -274.65683
  pitch: 5.20657
