socialspy: false
lastAccountName: Igor_Cool
timestamps:
  login: 1590919185802
  logout: 1590919206066
ipAddress: 195.34.207.149
lastlocation:
  world: world
  x: -403.5
  y: 254.0
  z: -503.5
  yaw: 0.0
  pitch: 0.0
logoutlocation:
  world: world
  x: -408.3140520703061
  y: 58.0
  z: -499.0707535925139
  yaw: -50.124786
  pitch: 25.838797
