socialspy: false
lastAccountName: LalYou_YTBW
timestamps:
  login: 1590749446583
  logout: 1590750201913
  lastteleport: 1590749871686
ipAddress: 62.133.162.186
lastlocation:
  world: world
  x: -305.50543100055853
  y: 76.0
  z: -1942.0109179313247
  yaw: -279.7483
  pitch: 45.61237
logoutlocation:
  world: world
  x: -287.69999998807907
  y: 80.0
  z: -1912.5094000424556
  yaw: 27.271524
  pitch: -16.599955
