socialspy: false
lastAccountName: VeRyNeW
timestamps:
  login: 1590355832903
  logout: 1590355871372
ipAddress: 72.210.252.143
lastlocation:
  world: world
  x: -407.5
  y: 254.0
  z: -490.5
  yaw: 0.0
  pitch: 0.0
logoutlocation:
  world: world
  x: -408.5
  y: 58.0
  z: -499.5
  yaw: -205.67471
  pitch: 3.6387963
