socialspy: false
lastAccountName: sosok
timestamps:
  login: 1590846647066
  logout: 1590846766453
ipAddress: 85.174.200.128
lastlocation:
  world: world
  x: -403.5
  y: 254.0
  z: -494.5
  yaw: 0.0
  pitch: 0.0
logoutlocation:
  world: world
  x: -407.28178412692023
  y: 60.0
  z: -527.1110264183875
  yaw: 87.7254
  pitch: 18.93884
