socialspy: false
lastAccountName: FaqerWator
timestamps:
  login: 1589460918617
  logout: 1589460984772
ipAddress: 89.22.179.113
lastlocation:
  world: world
  x: -409.5
  y: 254.0
  z: -503.5
  yaw: 0.0
  pitch: 0.0
logoutlocation:
  world: world
  x: -422.8404608602074
  y: 62.0
  z: -398.6604429594579
  yaw: -77.690956
  pitch: 36.537952
