lastAccountName: TaGs
timestamps:
  login: 1590355786324
  logout: 1590355793750
ipAddress: 185.100.87.41
socialspy: false
lastlocation:
  world: world
  x: -405.5
  y: 254.0
  z: -505.5
  yaw: 0.0
  pitch: 0.0
logoutlocation:
  world: world
  x: -408.5
  y: 58.0
  z: -499.5
  yaw: -205.67471
  pitch: 3.6387963
