socialspy: false
lastAccountName: Pasha_NoVaN
timestamps:
  login: 1591785214175
  logout: 1591785244248
ipAddress: 92.112.154.218
lastlocation:
  world: world
  x: -401.5
  y: 254.0
  z: -506.5
  yaw: 0.0
  pitch: 0.0
logoutlocation:
  world: world
  x: -408.5
  y: 58.0
  z: -499.5
  yaw: -205.67471
  pitch: 3.6387963
