socialspy: false
lastAccountName: Petr2x
timestamps:
  login: 1592129504629
  logout: 1592129507821
ipAddress: 176.52.35.206
lastlocation:
  world: world
  x: -399.5
  y: 254.0
  z: -503.5
  yaw: 0.0
  pitch: 0.0
logoutlocation:
  world: world
  x: -408.58232597165266
  y: 58.0
  z: -499.9210230617534
  yaw: -179.61024
  pitch: 7.918136
