socialspy: false
lastAccountName: Sapper007
timestamps:
  login: 1590355477211
  logout: 1590355484268
ipAddress: 174.70.241.18
lastlocation:
  world: world
  x: -406.5
  y: 254.0
  z: -506.5
  yaw: 0.0
  pitch: 0.0
logoutlocation:
  world: world
  x: -408.5
  y: 58.0
  z: -499.5
  yaw: -205.67471
  pitch: 3.6387963
