socialspy: false
lastAccountName: vaz314
timestamps:
  login: 1590763840517
  logout: 1590764598605
ipAddress: 178.155.68.10
lastlocation:
  world: world
  x: -409.5
  y: 129.0
  z: -494.5
  yaw: 0.0
  pitch: 0.0
logoutlocation:
  world: world
  x: -2022.416641265489
  y: 25.0
  z: 496.74234183260984
  yaw: 183.44646
  pitch: 21.900501
