socialspy: false
lastAccountName: fixplay123456
timestamps:
  login: 1591704493922
  logout: 1591704564671
ipAddress: 31.3.192.16
lastlocation:
  world: world
  x: -416.5
  y: 254.0
  z: -504.5
  yaw: 0.0
  pitch: 0.0
logoutlocation:
  world: world
  x: -424.9143090788827
  y: 59.0
  z: -478.26289314837936
  yaw: -219.47469
  pitch: 15.038801
