lastAccountName: Marlochek
timestamps:
  login: 1591456521638
  logout: 1591456623745
ipAddress: 185.11.29.172
socialspy: false
lastlocation:
  world: world
  x: -413.5
  y: 254.0
  z: -501.5
  yaw: 0.0
  pitch: 0.0
logoutlocation:
  world: world
  x: -408.9703798134469
  y: 58.0
  z: -502.53166940072873
  yaw: -115.824814
  pitch: 21.450003
