socialspy: false
lastAccountName: Artik_922
timestamps:
  login: 1589455051750
  logout: 1589455198830
ipAddress: 178.121.3.141
lastlocation:
  world: world
  x: -395.39523513112755
  y: 62.0
  z: -546.6457032474823
  yaw: -179.0134
  pitch: -0.099034294
logoutlocation:
  world: world
  x: -408.55751087444577
  y: 58.0
  z: -499.63275940360234
  yaw: -179.86916
  pitch: -2.5298321
