socialspy: false
lastAccountName: win3er
timestamps:
  login: 1590355473776
  logout: 1590355514758
ipAddress: 174.76.35.29
lastlocation:
  world: world
  x: -407.5
  y: 254.0
  z: -496.5
  yaw: 0.0
  pitch: 0.0
logoutlocation:
  world: world
  x: -408.5
  y: 58.0
  z: -499.5
  yaw: -205.67471
  pitch: 3.6387963
