socialspy: false
lastAccountName: PONYE
timestamps:
  login: 1589376516169
  logout: 1589376538321
ipAddress: 138.201.106.88
lastlocation:
  world: world
  x: -414.5
  y: 254.0
  z: -495.5
  yaw: 0.0
  pitch: 0.0
logoutlocation:
  world: world
  x: -408.5
  y: 58.0
  z: -499.5
  yaw: -205.67471
  pitch: 3.6387963
