socialspy: false
lastAccountName: Diego0511
timestamps:
  login: 1590355685140
  logout: 1590355711366
ipAddress: 184.178.172.13
lastlocation:
  world: world
  x: -401.5
  y: 76.0
  z: -492.5
  yaw: 0.0
  pitch: 0.0
logoutlocation:
  world: world
  x: -408.5
  y: 58.0
  z: -499.5
  yaw: -205.67471
  pitch: 3.6387963
