socialspy: false
lastAccountName: U5885Ut
timestamps:
  login: 1589882932307
  logout: 1589883123279
ipAddress: 92.255.190.31
lastlocation:
  world: world
  x: -409.5
  y: 254.0
  z: -501.5
  yaw: 0.0
  pitch: 0.0
logoutlocation:
  world: world
  x: -251.47804648222683
  y: 31.0
  z: -769.4103692394345
  yaw: 154.3252
  pitch: 25.431362
