socialspy: false
lastAccountName: Nurmagomedov
timestamps:
  login: 1590355869086
  logout: 1590355870280
ipAddress: 43.224.8.124
lastlocation:
  world: world
  x: -410.5
  y: 254.0
  z: -489.5
  yaw: 0.0
  pitch: 0.0
logoutlocation:
  world: world
  x: -408.5
  y: 58.0
  z: -499.5
  yaw: -205.67471
  pitch: 3.6387963
