socialspy: false
lastAccountName: sl7xqNYSlejG6_8W
timestamps:
  login: 1591909623385
  logout: 1591909625303
ipAddress: 109.74.142.138
lastlocation:
  world: world
  x: -411.5
  y: 254.0
  z: -506.5
  yaw: 0.0
  pitch: 0.0
logoutlocation:
  world: world
  x: -408.5
  y: 58.0
  z: -499.5
  yaw: -205.67471
  pitch: 3.6387963
