socialspy: false
lastAccountName: Ket27
timestamps:
  login: 1590003604230
  logout: 1590003634042
ipAddress: 176.59.33.108
lastlocation:
  world: world
  x: -414.5
  y: 254.0
  z: -502.5
  yaw: 0.0
  pitch: 0.0
logoutlocation:
  world: world
  x: -408.6792360530297
  y: 58.0
  z: -499.8911182194923
  yaw: -204.9247
  pitch: 7.688796
