socialspy: false
lastAccountName: Ogonok228
timestamps:
  login: 1589487188018
  logout: 1589487236587
ipAddress: 194.39.227.79
lastlocation:
  world: world
  x: -407.5
  y: 254.0
  z: -492.5
  yaw: 0.0
  pitch: 0.0
logoutlocation:
  world: world
  x: 1149.0486686015538
  y: 48.605750647497736
  z: 620.8923382996293
  yaw: -359.55002
  pitch: 63.150013
