socialspy: false
lastAccountName: VlaSerg
timestamps:
  login: 1591545279016
  logout: 1591547031410
ipAddress: 46.39.69.171
lastlocation:
  world: world
  x: -417.5
  y: 254.0
  z: -506.5
  yaw: 0.0
  pitch: 0.0
afk: false
logoutlocation:
  world: world
  x: -449.4130864603352
  y: 62.0
  z: -513.2960696765163
  yaw: -83.87431
  pitch: 88.80001
