socialspy: false
lastAccountName: iZooM
timestamps:
  login: 1589376530550
  logout: 1589376538391
ipAddress: 91.217.42.64
lastlocation:
  world: world
  x: -402.5
  y: 254.0
  z: -493.5
  yaw: 0.0
  pitch: 0.0
logoutlocation:
  world: world
  x: -408.5
  y: 58.0
  z: -499.5
  yaw: -205.67471
  pitch: 3.6387963
