socialspy: false
lastAccountName: bobbu1545
timestamps:
  login: 1590779666935
  logout: 1590779696952
ipAddress: 176.59.46.165
lastlocation:
  world: world
  x: -413.5
  y: 254.0
  z: -496.5
  yaw: 0.0
  pitch: 0.0
logoutlocation:
  world: world
  x: -408.5
  y: 58.0
  z: -499.5
  yaw: -178.69688
  pitch: 15.27631
