socialspy: false
lastAccountName: alex5krut
timestamps:
  login: 1590355658634
  logout: 1590355709760
ipAddress: 61.41.9.213
lastlocation:
  world: world
  x: -406.5
  y: 111.0
  z: -505.5
  yaw: 0.0
  pitch: 0.0
logoutlocation:
  world: world
  x: -408.5
  y: 58.0
  z: -499.5
  yaw: -205.67471
  pitch: 3.6387963
