socialspy: false
lastAccountName: Itachi_uchuxa
timestamps:
  login: 1589522931740
  logout: 1589522951269
ipAddress: 46.20.78.130
lastlocation:
  world: world
  x: -406.5
  y: 254.0
  z: -508.5
  yaw: 0.0
  pitch: 0.0
logoutlocation:
  world: world
  x: -409.21406959431073
  y: 58.5
  z: -515.0283236711284
  yaw: -10.7968445
  pitch: -9.161348
