socialspy: false
lastAccountName: ivo
timestamps:
  login: 1590355482587
  logout: 1590355484313
ipAddress: 180.210.201.57
lastlocation:
  world: world
  x: -403.5
  y: 254.0
  z: -499.5
  yaw: 0.0
  pitch: 0.0
logoutlocation:
  world: world
  x: -408.5
  y: 58.0
  z: -499.5
  yaw: -205.67471
  pitch: 3.6387963
