world: world
x: -1339.2480899955624
y: 64.0
z: 1428.5430820332544
yaw: 320.45154
pitch: 79.47295
name: PesokPad
lastowner: 07315afe-d4d7-351f-910d-6880ac643da7
